,node_id,zero_count,spikes
0,0,469867,3.765957446808511
1,1,470000,3.6808510638297873
2,2,469373,3.6595744680851063
3,3,469527,3.617021276595745
4,4,469770,3.595744680851064
5,5,469162,3.595744680851064
6,6,467188,3.574468085106383
7,7,470000,3.5531914893617023
8,8,469112,3.5531914893617023
9,9,468936,3.5319148936170213
10,10,468325,3.4893617021276597
11,11,469369,3.4893617021276597
12,12,470000,3.4680851063829787
13,13,470000,3.4680851063829787
14,14,470000,3.4680851063829787
15,15,468728,3.4468085106382977
16,16,470000,3.4468085106382977
17,17,470000,3.4468085106382977
18,18,470000,3.4468085106382977
19,19,470000,3.425531914893617
20,20,470000,3.425531914893617
21,21,466900,3.425531914893617
22,22,469301,3.425531914893617
23,23,469279,3.425531914893617
24,24,467289,3.425531914893617
25,25,469181,3.404255319148936
26,26,470000,3.404255319148936
27,27,468485,3.404255319148936
28,28,465680,3.404255319148936
29,29,469457,3.382978723404255
30,30,469195,3.382978723404255
31,31,470000,3.382978723404255
32,32,470000,3.382978723404255
33,33,468556,3.382978723404255
34,34,470000,3.382978723404255
35,35,470000,3.382978723404255
36,36,468626,3.382978723404255
37,37,470000,3.382978723404255
38,38,470000,3.3617021276595747
39,39,470000,3.3617021276595747
40,40,470000,3.3617021276595747
41,41,470000,3.3617021276595747
42,42,470000,3.3617021276595747
43,43,468706,3.3617021276595747
44,44,468733,3.3617021276595747
45,45,470000,3.3404255319148937
46,46,470000,3.3404255319148937
47,47,469849,3.3404255319148937
48,48,470000,3.3404255319148937
49,49,467734,3.3404255319148937
50,50,470000,3.3404255319148937
51,51,470000,3.3404255319148937
52,52,470000,3.3191489361702127
53,53,470000,3.3191489361702127
54,54,470000,3.3191489361702127
55,55,470000,3.3191489361702127
56,56,468431,3.3191489361702127
57,57,470000,3.3191489361702127
58,58,469506,3.3191489361702127
59,59,470000,3.3191489361702127
60,60,469556,3.297872340425532
61,61,465720,3.297872340425532
62,62,469843,3.297872340425532
63,63,467921,3.297872340425532
64,64,468532,3.297872340425532
65,65,468369,3.297872340425532
66,66,470000,3.297872340425532
67,67,469696,3.297872340425532
68,68,470000,3.297872340425532
69,69,470000,3.297872340425532
70,70,468923,3.297872340425532
71,71,469319,3.297872340425532
72,72,467536,3.297872340425532
73,73,469531,3.297872340425532
74,74,469715,3.297872340425532
75,75,470000,3.276595744680851
76,76,469131,3.276595744680851
77,77,467535,3.276595744680851
78,78,470000,3.276595744680851
79,79,466704,3.276595744680851
80,80,469193,3.276595744680851
81,81,468752,3.25531914893617
82,82,468752,3.25531914893617
83,83,468499,3.25531914893617
84,84,469229,3.25531914893617
85,85,470000,3.25531914893617
86,86,463226,3.25531914893617
87,87,469282,3.234042553191489
88,88,469227,3.234042553191489
89,89,465924,3.234042553191489
90,90,470000,3.234042553191489
91,91,470000,3.234042553191489
92,92,468260,3.234042553191489
93,93,470000,3.234042553191489
94,94,469056,3.234042553191489
95,95,468861,3.234042553191489
96,96,470000,3.234042553191489
97,97,468339,3.2127659574468086
98,98,468402,3.2127659574468086
99,99,468353,3.2127659574468086
100,100,469126,3.2127659574468086
101,101,470000,3.2127659574468086
102,102,468369,3.2127659574468086
103,103,470000,3.2127659574468086
104,104,470000,3.2127659574468086
105,105,463929,3.2127659574468086
106,106,470000,3.2127659574468086
107,107,470000,3.2127659574468086
108,108,469402,3.2127659574468086
109,109,470000,3.2127659574468086
110,110,469090,3.1914893617021276
111,111,467794,3.1914893617021276
112,112,468608,3.1914893617021276
113,113,470000,3.1914893617021276
114,114,467453,3.1914893617021276
115,115,466077,3.1914893617021276
116,116,467282,3.1914893617021276
117,117,470000,3.1914893617021276
118,118,468714,3.1914893617021276
119,119,470000,3.1702127659574466
120,120,469496,3.1702127659574466
121,121,470000,3.1702127659574466
122,122,469476,3.1702127659574466
123,123,469787,3.1702127659574466
124,124,470000,3.1702127659574466
125,125,467552,3.1702127659574466
126,126,470000,3.1702127659574466
127,127,469397,3.1702127659574466
128,128,467705,3.1702127659574466
129,129,470000,3.1702127659574466
130,130,468417,3.1702127659574466
131,131,470000,3.1702127659574466
132,132,467902,3.1702127659574466
133,133,467127,3.1702127659574466
134,134,469022,3.148936170212766
135,135,467302,3.148936170212766
136,136,469764,3.148936170212766
137,137,470000,3.148936170212766
138,138,469274,3.148936170212766
139,139,470000,3.148936170212766
140,140,470000,3.148936170212766
141,141,470000,3.148936170212766
142,142,470000,3.148936170212766
143,143,470000,3.148936170212766
144,144,468210,3.148936170212766
145,145,468026,3.148936170212766
146,146,469855,3.127659574468085
147,147,469140,3.127659574468085
148,148,465998,3.127659574468085
149,149,465864,3.127659574468085
150,150,469477,3.127659574468085
151,151,470000,3.127659574468085
152,152,468688,3.127659574468085
153,153,465664,3.127659574468085
154,154,469444,3.127659574468085
155,155,470000,3.127659574468085
156,156,470000,3.127659574468085
157,157,470000,3.127659574468085
158,158,467021,3.106382978723404
159,159,469215,3.106382978723404
160,160,469237,3.106382978723404
161,161,470000,3.106382978723404
162,162,470000,3.106382978723404
163,163,468950,3.106382978723404
164,164,470000,3.106382978723404
165,165,469638,3.106382978723404
166,166,470000,3.106382978723404
167,167,468997,3.106382978723404
168,168,470000,3.106382978723404
169,169,468625,3.106382978723404
170,170,470000,3.106382978723404
171,171,469086,3.106382978723404
172,172,465455,3.106382978723404
173,173,470000,3.106382978723404
174,174,470000,3.0851063829787235
175,175,468093,3.0851063829787235
176,176,468007,3.0851063829787235
177,177,468163,3.0851063829787235
178,178,464092,3.0851063829787235
179,179,469299,3.0851063829787235
180,180,470000,3.0851063829787235
181,181,470000,3.0851063829787235
182,182,468250,3.0851063829787235
183,183,470000,3.0851063829787235
184,184,467059,3.0851063829787235
185,185,468011,3.0638297872340425
186,186,468879,3.0638297872340425
187,187,467620,3.0638297872340425
188,188,468746,3.0638297872340425
189,189,470000,3.0638297872340425
190,190,467944,3.0638297872340425
191,191,469257,3.0638297872340425
192,192,469158,3.0638297872340425
193,193,469276,3.0638297872340425
194,194,468789,3.0638297872340425
195,195,470000,3.0638297872340425
196,196,469110,3.0638297872340425
197,197,470000,3.0638297872340425
198,198,470000,3.0638297872340425
199,199,470000,3.0638297872340425
200,200,470000,3.0638297872340425
201,201,468944,3.0638297872340425
202,202,470000,3.0638297872340425
203,203,470000,3.0638297872340425
204,204,467432,3.0638297872340425
205,205,468679,3.0638297872340425
206,206,467852,3.0638297872340425
207,207,469363,3.0425531914893615
208,208,467838,3.0425531914893615
209,209,467994,3.0425531914893615
210,210,466718,3.0425531914893615
211,211,469292,3.0425531914893615
212,212,469049,3.0425531914893615
213,213,470000,3.0425531914893615
214,214,467679,3.0425531914893615
215,215,467435,3.0425531914893615
216,216,470000,3.0425531914893615
217,217,467215,3.0425531914893615
218,218,470000,3.0425531914893615
219,219,468926,3.0425531914893615
220,220,468975,3.0425531914893615
221,221,470000,3.0425531914893615
222,222,467792,3.0425531914893615
223,223,467993,3.0425531914893615
224,224,464483,3.021276595744681
225,225,466382,3.021276595744681
226,226,470000,3.021276595744681
227,227,468129,3.021276595744681
228,228,470000,3.021276595744681
229,229,467331,3.021276595744681
230,230,468026,3.021276595744681
231,231,470000,3.021276595744681
232,232,470000,3.021276595744681
233,233,470000,3.021276595744681
234,234,468790,3.021276595744681
235,235,469551,3.021276595744681
236,236,470000,3.021276595744681
237,237,470000,3.021276595744681
238,238,469166,3.021276595744681
239,239,470000,3.021276595744681
240,240,468933,3.021276595744681
241,241,468553,3.021276595744681
242,242,470000,3.021276595744681
243,243,470000,3.021276595744681
244,244,466520,3.021276595744681
245,245,470000,3.021276595744681
246,246,470000,3.0
247,247,470000,3.0
248,248,469455,3.0
249,249,469687,3.0
250,250,468943,3.0
251,251,467889,3.0
252,252,461556,3.0
253,253,469575,3.0
254,254,466615,3.0
255,255,470000,3.0
256,256,470000,2.978723404255319
257,257,468438,2.978723404255319
258,258,469382,2.978723404255319
259,259,466063,2.978723404255319
260,260,470000,2.978723404255319
261,261,468786,2.978723404255319
262,262,470000,2.978723404255319
263,263,467848,2.978723404255319
264,264,470000,2.978723404255319
265,265,470000,2.978723404255319
266,266,470000,2.978723404255319
267,267,467410,2.978723404255319
268,268,468327,2.9574468085106385
269,269,464977,2.9574468085106385
270,270,470000,2.9574468085106385
271,271,468856,2.9574468085106385
272,272,470000,2.9574468085106385
273,273,470000,2.9574468085106385
274,274,470000,2.9574468085106385
275,275,469690,2.9574468085106385
276,276,468461,2.9574468085106385
277,277,470000,2.9574468085106385
278,278,470000,2.9574468085106385
279,279,468863,2.9574468085106385
280,280,470000,2.9574468085106385
281,281,470000,2.9574468085106385
282,282,469103,2.9574468085106385
283,283,469314,2.9574468085106385
284,284,470000,2.9361702127659575
285,285,470000,2.9361702127659575
286,286,467430,2.9361702127659575
287,287,470000,2.9361702127659575
288,288,470000,2.9361702127659575
289,289,467797,2.9361702127659575
290,290,467220,2.9361702127659575
291,291,469552,2.9361702127659575
292,292,470000,2.9361702127659575
293,293,467938,2.9361702127659575
294,294,470000,2.9361702127659575
295,295,469069,2.9361702127659575
296,296,468710,2.9361702127659575
297,297,469665,2.9361702127659575
298,298,467863,2.9361702127659575
299,299,470000,2.9361702127659575
300,300,470000,2.9361702127659575
301,301,467361,2.9361702127659575
302,302,470000,2.9361702127659575
303,303,470000,2.9361702127659575
304,304,470000,2.9148936170212765
305,305,469822,2.9148936170212765
306,306,469620,2.9148936170212765
307,307,470000,2.9148936170212765
308,308,468583,2.9148936170212765
309,309,468758,2.9148936170212765
310,310,470000,2.9148936170212765
311,311,470000,2.9148936170212765
312,312,468258,2.9148936170212765
313,313,470000,2.9148936170212765
314,314,470000,2.9148936170212765
315,315,466537,2.9148936170212765
316,316,470000,2.9148936170212765
317,317,468775,2.9148936170212765
318,318,467256,2.9148936170212765
319,319,468119,2.9148936170212765
320,320,470000,2.9148936170212765
321,321,466931,2.9148936170212765
322,322,470000,2.9148936170212765
323,323,468431,2.9148936170212765
324,324,470000,2.9148936170212765
325,325,470000,2.9148936170212765
326,326,468620,2.9148936170212765
327,327,468919,2.9148936170212765
328,328,467006,2.9148936170212765
329,329,470000,2.9148936170212765
330,330,470000,2.893617021276596
331,331,468965,2.893617021276596
332,332,470000,2.893617021276596
333,333,470000,2.893617021276596
334,334,470000,2.893617021276596
335,335,470000,2.893617021276596
336,336,469396,2.893617021276596
337,337,470000,2.893617021276596
338,338,465330,2.893617021276596
339,339,467502,2.893617021276596
340,340,470000,2.893617021276596
341,341,470000,2.872340425531915
342,342,469251,2.872340425531915
343,343,468651,2.872340425531915
344,344,469224,2.872340425531915
345,345,470000,2.872340425531915
346,346,470000,2.872340425531915
347,347,468877,2.872340425531915
348,348,470000,2.872340425531915
349,349,467327,2.872340425531915
350,350,470000,2.872340425531915
351,351,470000,2.851063829787234
352,352,469519,2.851063829787234
353,353,470000,2.851063829787234
354,354,470000,2.851063829787234
355,355,470000,2.851063829787234
356,356,469597,2.851063829787234
357,357,467949,2.851063829787234
358,358,466521,2.851063829787234
359,359,467530,2.851063829787234
360,360,470000,2.851063829787234
361,361,470000,2.851063829787234
362,362,470000,2.851063829787234
363,363,469373,2.851063829787234
364,364,468608,2.851063829787234
365,365,470000,2.851063829787234
366,366,469631,2.8297872340425534
367,367,467486,2.8297872340425534
368,368,468371,2.8297872340425534
369,369,470000,2.8297872340425534
370,370,470000,2.8297872340425534
371,371,468217,2.8297872340425534
372,372,470000,2.8297872340425534
373,373,470000,2.8297872340425534
374,374,470000,2.8297872340425534
375,375,467915,2.8297872340425534
376,376,470000,2.8297872340425534
377,377,470000,2.8297872340425534
378,378,470000,2.8297872340425534
379,379,468011,2.8297872340425534
380,380,467854,2.8297872340425534
381,381,470000,2.8297872340425534
382,382,467027,2.8297872340425534
383,383,469057,2.8297872340425534
384,384,470000,2.8297872340425534
385,385,468275,2.8297872340425534
386,386,467347,2.8297872340425534
387,387,468629,2.8297872340425534
388,388,468733,2.8297872340425534
389,389,468457,2.8297872340425534
390,390,469839,2.8085106382978724
391,391,468311,2.8085106382978724
392,392,470000,2.8085106382978724
393,393,466464,2.8085106382978724
394,394,470000,2.8085106382978724
395,395,465226,2.8085106382978724
396,396,470000,2.8085106382978724
397,397,467067,2.8085106382978724
398,398,467299,2.8085106382978724
399,399,470000,2.8085106382978724
400,400,470000,2.8085106382978724
401,401,469001,2.8085106382978724
402,402,469499,2.8085106382978724
403,403,467949,2.8085106382978724
404,404,467559,2.8085106382978724
405,405,470000,2.8085106382978724
406,406,470000,2.8085106382978724
407,407,468179,2.8085106382978724
408,408,468415,2.8085106382978724
409,409,469649,2.7872340425531914
410,410,468067,2.7872340425531914
411,411,470000,2.7872340425531914
412,412,470000,2.7872340425531914
413,413,468536,2.7872340425531914
414,414,470000,2.7872340425531914
415,415,467317,2.7872340425531914
416,416,470000,2.7872340425531914
417,417,469165,2.7872340425531914
418,418,467911,2.7872340425531914
419,419,466129,2.7872340425531914
420,420,468562,2.7872340425531914
421,421,470000,2.7872340425531914
422,422,470000,2.7872340425531914
423,423,468861,2.765957446808511
424,424,470000,2.765957446808511
425,425,468532,2.765957446808511
426,426,467559,2.765957446808511
427,427,470000,2.765957446808511
428,428,469822,2.765957446808511
429,429,470000,2.765957446808511
430,430,470000,2.765957446808511
431,431,468252,2.765957446808511
432,432,468607,2.765957446808511
433,433,469404,2.765957446808511
434,434,469571,2.765957446808511
435,435,468661,2.765957446808511
436,436,465088,2.74468085106383
437,437,468686,2.74468085106383
438,438,470000,2.74468085106383
439,439,466305,2.74468085106383
440,440,469017,2.74468085106383
441,441,470000,2.74468085106383
442,442,470000,2.74468085106383
443,443,467963,2.74468085106383
444,444,464218,2.74468085106383
445,445,466611,2.74468085106383
446,446,470000,2.74468085106383
447,447,468692,2.74468085106383
448,448,466149,2.74468085106383
449,449,470000,2.723404255319149
450,450,470000,2.723404255319149
451,451,468096,2.723404255319149
452,452,468900,2.723404255319149
453,453,470000,2.723404255319149
454,454,470000,2.723404255319149
455,455,470000,2.723404255319149
456,456,470000,2.723404255319149
457,457,470000,2.723404255319149
458,458,470000,2.723404255319149
459,459,468598,2.723404255319149
460,460,462002,2.723404255319149
461,461,467688,2.723404255319149
462,462,470000,2.723404255319149
463,463,470000,2.723404255319149
464,464,464261,2.723404255319149
465,465,469593,2.723404255319149
466,466,468576,2.723404255319149
467,467,468759,2.702127659574468
468,468,468513,2.702127659574468
469,469,467731,2.702127659574468
470,470,470000,2.702127659574468
471,471,468138,2.702127659574468
472,472,468573,2.702127659574468
473,473,470000,2.702127659574468
474,474,470000,2.702127659574468
475,475,470000,2.702127659574468
476,476,468759,2.702127659574468
477,477,470000,2.702127659574468
478,478,470000,2.702127659574468
479,479,470000,2.702127659574468
480,480,468374,2.702127659574468
481,481,469065,2.702127659574468
482,482,470000,2.702127659574468
483,483,470000,2.702127659574468
484,484,470000,2.6808510638297873
485,485,470000,2.6808510638297873
486,486,467103,2.6808510638297873
487,487,469304,2.6808510638297873
488,488,469575,2.6808510638297873
489,489,468533,2.6808510638297873
490,490,470000,2.6808510638297873
491,491,464659,2.6808510638297873
492,492,470000,2.6808510638297873
493,493,465190,2.6808510638297873
494,494,470000,2.6808510638297873
495,495,467783,2.6808510638297873
496,496,467855,2.6808510638297873
497,497,467735,2.6808510638297873
498,498,467431,2.6595744680851063
499,499,466378,2.6595744680851063
500,500,470000,2.6595744680851063
501,501,467420,2.6595744680851063
502,502,467778,2.6595744680851063
503,503,470000,2.6595744680851063
504,504,467368,2.6595744680851063
505,505,470000,2.6595744680851063
506,506,469758,2.6382978723404253
507,507,470000,2.6382978723404253
508,508,470000,2.6382978723404253
509,509,469973,2.6382978723404253
510,510,470000,2.6382978723404253
511,511,469810,2.6382978723404253
512,512,467092,2.6382978723404253
513,513,470000,2.6382978723404253
514,514,470000,2.6382978723404253
515,515,468988,2.6382978723404253
516,516,469138,2.6382978723404253
517,517,469814,2.617021276595745
518,518,466733,2.617021276595745
519,519,469801,2.617021276595745
520,520,469846,2.617021276595745
521,521,470000,2.617021276595745
522,522,468777,2.617021276595745
523,523,469269,2.617021276595745
524,524,470000,2.617021276595745
525,525,469323,2.617021276595745
526,526,470000,2.617021276595745
527,527,470000,2.595744680851064
528,528,470000,2.595744680851064
529,529,468542,2.595744680851064
530,530,468795,2.595744680851064
531,531,467473,2.595744680851064
532,532,466602,2.595744680851064
533,533,468875,2.595744680851064
534,534,468801,2.595744680851064
535,535,469383,2.595744680851064
536,536,469362,2.595744680851064
537,537,470000,2.595744680851064
538,538,470000,2.574468085106383
539,539,470000,2.574468085106383
540,540,468429,2.574468085106383
541,541,468301,2.574468085106383
542,542,470000,2.574468085106383
543,543,470000,2.574468085106383
544,544,469496,2.574468085106383
545,545,470000,2.574468085106383
546,546,469474,2.574468085106383
547,547,468661,2.574468085106383
548,548,470000,2.574468085106383
549,549,470000,2.5531914893617023
550,550,468304,2.5531914893617023
551,551,470000,2.5531914893617023
552,552,466264,2.5531914893617023
553,553,467296,2.5531914893617023
554,554,466575,2.5531914893617023
555,555,469311,2.5531914893617023
556,556,466188,2.5531914893617023
557,557,470000,2.5531914893617023
558,558,468719,2.5531914893617023
559,559,470000,2.5531914893617023
560,560,467807,2.5531914893617023
561,561,470000,2.5531914893617023
562,562,468007,2.5531914893617023
563,563,469898,2.5319148936170213
564,564,470000,2.5319148936170213
565,565,467808,2.5319148936170213
566,566,470000,2.5319148936170213
567,567,470000,2.5106382978723403
568,568,470000,2.5106382978723403
569,569,466935,2.5106382978723403
570,570,463477,2.5106382978723403
571,571,467750,2.4893617021276597
572,572,470000,2.4893617021276597
573,573,467552,2.4893617021276597
574,574,470000,2.4893617021276597
575,575,470000,2.4893617021276597
576,576,470000,2.4893617021276597
577,577,470000,2.4893617021276597
578,578,470000,2.4893617021276597
579,579,470000,2.4893617021276597
580,580,470000,2.4893617021276597
581,581,470000,2.4893617021276597
582,582,469528,2.4893617021276597
583,583,470000,2.4893617021276597
584,584,470000,2.4893617021276597
585,585,469442,2.4893617021276597
586,586,470000,2.4680851063829787
587,587,469464,2.4680851063829787
588,588,470000,2.4680851063829787
589,589,470000,2.4680851063829787
590,590,470000,2.4680851063829787
591,591,469449,2.4680851063829787
592,592,470000,2.4680851063829787
593,593,470000,2.4680851063829787
594,594,470000,2.4680851063829787
595,595,468441,2.4468085106382977
596,596,469721,2.4468085106382977
597,597,470000,2.4468085106382977
598,598,470000,2.4468085106382977
599,599,466885,2.425531914893617
600,600,469321,2.425531914893617
601,601,470000,2.425531914893617
602,602,469231,2.425531914893617
603,603,470000,2.425531914893617
604,604,470000,2.425531914893617
605,605,470000,2.425531914893617
606,606,465867,2.404255319148936
607,607,466507,2.404255319148936
608,608,469267,2.404255319148936
609,609,468637,2.404255319148936
610,610,467898,2.404255319148936
611,611,467544,2.404255319148936
612,612,466813,2.404255319148936
613,613,467963,2.404255319148936
614,614,470000,2.404255319148936
615,615,470000,2.404255319148936
616,616,468922,2.382978723404255
617,617,469741,2.382978723404255
618,618,470000,2.382978723404255
619,619,470000,2.382978723404255
620,620,470000,2.382978723404255
621,621,470000,2.382978723404255
622,622,470000,2.3617021276595747
623,623,469266,2.3617021276595747
624,624,461188,2.3617021276595747
625,625,470000,2.3617021276595747
626,626,468206,2.3617021276595747
627,627,466861,2.3404255319148937
628,628,467359,2.3404255319148937
629,629,470000,2.3404255319148937
630,630,470000,2.3404255319148937
631,631,470000,2.3404255319148937
632,632,470000,2.3404255319148937
633,633,467362,2.3191489361702127
634,634,470000,2.3191489361702127
635,635,470000,2.3191489361702127
636,636,470000,2.3191489361702127
637,637,467870,2.3191489361702127
638,638,468842,2.3191489361702127
639,639,467487,2.3191489361702127
640,640,468065,2.297872340425532
641,641,468810,2.297872340425532
642,642,470000,2.297872340425532
643,643,470000,2.297872340425532
644,644,468211,2.297872340425532
645,645,470000,2.276595744680851
646,646,466614,2.276595744680851
647,647,467268,2.276595744680851
648,648,470000,2.276595744680851
649,649,470000,2.276595744680851
650,650,468449,2.276595744680851
651,651,469860,2.25531914893617
652,652,470000,2.25531914893617
653,653,469911,2.25531914893617
654,654,470000,2.234042553191489
655,655,467721,2.234042553191489
656,656,470000,2.234042553191489
657,657,469029,2.234042553191489
658,658,467079,2.234042553191489
659,659,470000,2.234042553191489
660,660,467987,2.234042553191489
661,661,468683,2.2127659574468086
662,662,468730,2.2127659574468086
663,663,467758,2.2127659574468086
664,664,470000,2.2127659574468086
665,665,469785,2.2127659574468086
666,666,469535,2.1914893617021276
667,667,468012,2.1914893617021276
668,668,469450,2.1914893617021276
669,669,470000,2.1914893617021276
670,670,468887,2.1914893617021276
671,671,470000,2.1914893617021276
672,672,468770,2.1914893617021276
673,673,465632,2.1914893617021276
674,674,468915,2.1702127659574466
675,675,469435,2.1702127659574466
676,676,467872,2.1702127659574466
677,677,470000,2.1702127659574466
678,678,467614,2.1702127659574466
679,679,470000,2.1702127659574466
680,680,468387,2.1702127659574466
681,681,470000,2.1702127659574466
682,682,470000,2.1702127659574466
683,683,463461,2.148936170212766
684,684,469683,2.148936170212766
685,685,466184,2.148936170212766
686,686,468767,2.148936170212766
687,687,468422,2.127659574468085
688,688,468877,2.127659574468085
689,689,470000,2.127659574468085
690,690,470000,2.127659574468085
691,691,470000,2.106382978723404
692,692,468530,2.106382978723404
693,693,467988,2.106382978723404
694,694,470000,2.106382978723404
695,695,470000,2.106382978723404
696,696,470000,2.106382978723404
697,697,470000,2.0851063829787235
698,698,470000,2.0851063829787235
699,699,467239,2.0851063829787235
700,700,468885,2.0851063829787235
701,701,470000,2.0638297872340425
702,702,466534,2.0638297872340425
703,703,470000,2.0638297872340425
704,704,468259,2.0638297872340425
705,705,470000,2.0638297872340425
706,706,468206,2.0638297872340425
707,707,468583,2.0425531914893615
708,708,470000,2.0425531914893615
709,709,467442,2.0425531914893615
710,710,470000,2.0425531914893615
711,711,468147,2.0425531914893615
712,712,470000,2.021276595744681
713,713,469664,2.021276595744681
714,714,468573,2.021276595744681
715,715,470000,2.021276595744681
716,716,470000,2.021276595744681
717,717,468887,2.021276595744681
718,718,467298,2.0
719,719,470000,2.0
720,720,468680,2.0
721,721,468436,2.0
722,722,470000,2.0
723,723,470000,1.9787234042553192
724,724,470000,1.9787234042553192
725,725,457747,1.9787234042553192
726,726,466355,1.9787234042553192
727,727,470000,1.9787234042553192
728,728,467729,1.9787234042553192
729,729,470000,1.9574468085106382
730,730,470000,1.9574468085106382
731,731,470000,1.9574468085106382
732,732,470000,1.9361702127659575
733,733,470000,1.9361702127659575
734,734,470000,1.9148936170212767
735,735,470000,1.9148936170212767
736,736,465899,1.9148936170212767
737,737,469388,1.9148936170212767
738,738,468239,1.8936170212765957
739,739,469823,1.8936170212765957
740,740,467532,1.872340425531915
741,741,470000,1.872340425531915
742,742,467026,1.872340425531915
743,743,470000,1.851063829787234
744,744,469299,1.851063829787234
745,745,469937,1.851063829787234
746,746,468687,1.8297872340425532
747,747,468860,1.8297872340425532
748,748,469509,1.8085106382978724
749,749,470000,1.8085106382978724
750,750,470000,1.8085106382978724
751,751,470000,1.8085106382978724
752,752,466437,1.8085106382978724
753,753,470000,1.8085106382978724
754,754,470000,1.7872340425531914
755,755,468736,1.7872340425531914
756,756,465074,1.7872340425531914
757,757,467638,1.7659574468085106
758,758,469299,1.7659574468085106
759,759,470000,1.7659574468085106
760,760,469755,1.7446808510638299
761,761,470000,1.7446808510638299
762,762,468824,1.7446808510638299
763,763,468671,1.7446808510638299
764,764,465438,1.7446808510638299
765,765,468038,1.7234042553191489
766,766,466925,1.7234042553191489
767,767,470000,1.7234042553191489
768,768,468523,1.7234042553191489
769,769,466155,1.702127659574468
770,770,468115,1.702127659574468
771,771,469186,1.6808510638297873
772,772,468629,1.6808510638297873
773,773,470000,1.6808510638297873
774,774,470000,1.6808510638297873
775,775,468658,1.6808510638297873
776,776,468842,1.6808510638297873
777,777,470000,1.6808510638297873
778,778,470000,1.6595744680851063
779,779,470000,1.6595744680851063
780,780,468316,1.6595744680851063
781,781,470000,1.6595744680851063
782,782,470000,1.6595744680851063
783,783,468213,1.6382978723404256
784,784,470000,1.6382978723404256
785,785,469921,1.6382978723404256
786,786,466708,1.6382978723404256
787,787,469364,1.6382978723404256
788,788,468326,1.6170212765957446
789,789,469337,1.6170212765957446
790,790,463178,1.5957446808510638
791,791,470000,1.5957446808510638
792,792,468153,1.5957446808510638
793,793,468456,1.5957446808510638
794,794,470000,1.5957446808510638
795,795,467992,1.574468085106383
796,796,470000,1.553191489361702
797,797,468438,1.553191489361702
798,798,466192,1.553191489361702
799,799,469874,1.553191489361702
800,800,468167,1.553191489361702
801,801,470000,1.5319148936170213
802,802,467948,1.5319148936170213
803,803,469220,1.5319148936170213
804,804,463389,1.5319148936170213
805,805,468960,1.5319148936170213
806,806,470000,1.5319148936170213
807,807,469432,1.5319148936170213
808,808,469126,1.5319148936170213
809,809,470000,1.5319148936170213
810,810,467337,1.5106382978723405
811,811,465801,1.5106382978723405
812,812,468721,1.5106382978723405
813,813,469567,1.5106382978723405
814,814,470000,1.5106382978723405
815,815,469062,1.5106382978723405
816,816,469144,1.5106382978723405
817,817,470000,1.4893617021276595
818,818,468926,1.4893617021276595
819,819,470000,1.4893617021276595
820,820,470000,1.4680851063829787
821,821,469969,1.4680851063829787
822,822,467130,1.4680851063829787
823,823,469170,1.4680851063829787
824,824,470000,1.4680851063829787
825,825,469088,1.4680851063829787
826,826,470000,1.446808510638298
827,827,465343,1.446808510638298
828,828,467170,1.446808510638298
829,829,464962,1.446808510638298
830,830,460347,1.446808510638298
831,831,468460,1.446808510638298
832,832,470000,1.446808510638298
833,833,470000,1.446808510638298
834,834,470000,1.425531914893617
835,835,470000,1.425531914893617
836,836,470000,1.425531914893617
837,837,470000,1.425531914893617
838,838,469811,1.425531914893617
839,839,470000,1.425531914893617
840,840,470000,1.425531914893617
841,841,467263,1.425531914893617
842,842,468396,1.425531914893617
843,843,470000,1.4042553191489362
844,844,467217,1.4042553191489362
845,845,469284,1.4042553191489362
846,846,470000,1.4042553191489362
847,847,470000,1.4042553191489362
848,848,470000,1.4042553191489362
849,849,468577,1.4042553191489362
850,850,470000,1.4042553191489362
851,851,467991,1.3829787234042554
852,852,470000,1.3829787234042554
853,853,465841,1.3829787234042554
854,854,467742,1.3829787234042554
855,855,469253,1.3829787234042554
856,856,467461,1.3829787234042554
857,857,470000,1.3829787234042554
858,858,468979,1.3617021276595744
859,859,470000,1.3617021276595744
860,860,470000,1.3617021276595744
861,861,470000,1.3617021276595744
862,862,469609,1.3617021276595744
863,863,468530,1.3617021276595744
864,864,468625,1.3404255319148937
865,865,470000,1.3404255319148937
866,866,469490,1.3404255319148937
867,867,466801,1.3404255319148937
868,868,468973,1.3404255319148937
869,869,468457,1.3404255319148937
870,870,470000,1.3404255319148937
871,871,469419,1.3404255319148937
872,872,468369,1.3404255319148937
873,873,468523,1.3404255319148937
874,874,470000,1.3404255319148937
875,875,469043,1.3404255319148937
876,876,470000,1.3191489361702127
877,877,470000,1.3191489361702127
878,878,470000,1.3191489361702127
879,879,470000,1.3191489361702127
880,880,469431,1.3191489361702127
881,881,469004,1.3191489361702127
882,882,464571,1.3191489361702127
883,883,469109,1.3191489361702127
884,884,470000,1.297872340425532
885,885,469703,1.297872340425532
886,886,470000,1.297872340425532
887,887,468534,1.297872340425532
888,888,469782,1.297872340425532
889,889,469107,1.297872340425532
890,890,470000,1.297872340425532
891,891,470000,1.297872340425532
892,892,467151,1.297872340425532
893,893,470000,1.297872340425532
894,894,470000,1.297872340425532
895,895,467756,1.297872340425532
896,896,470000,1.2765957446808511
897,897,470000,1.2765957446808511
898,898,470000,1.2765957446808511
899,899,469265,1.2765957446808511
900,900,470000,1.2765957446808511
901,901,470000,1.2765957446808511
902,902,465413,1.2553191489361701
903,903,466319,1.2553191489361701
904,904,470000,1.2553191489361701
905,905,469756,1.2553191489361701
906,906,470000,1.2553191489361701
907,907,468410,1.2553191489361701
908,908,470000,1.2553191489361701
909,909,468281,1.2553191489361701
910,910,468441,1.2553191489361701
911,911,469031,1.2553191489361701
912,912,468396,1.2553191489361701
913,913,469146,1.2553191489361701
914,914,470000,1.2340425531914894
915,915,470000,1.2340425531914894
916,916,468510,1.2340425531914894
917,917,465532,1.2340425531914894
918,918,468851,1.2340425531914894
919,919,468424,1.2340425531914894
920,920,469146,1.2340425531914894
921,921,469088,1.2340425531914894
922,922,468991,1.2340425531914894
923,923,469742,1.2340425531914894
924,924,469392,1.2340425531914894
925,925,470000,1.2340425531914894
926,926,468825,1.2340425531914894
927,927,470000,1.2340425531914894
928,928,467381,1.2127659574468086
929,929,470000,1.2127659574468086
930,930,470000,1.2127659574468086
931,931,470000,1.2127659574468086
932,932,470000,1.2127659574468086
933,933,468799,1.2127659574468086
934,934,470000,1.2127659574468086
935,935,469656,1.2127659574468086
936,936,470000,1.2127659574468086
937,937,464206,1.2127659574468086
938,938,467229,1.2127659574468086
939,939,470000,1.2127659574468086
940,940,470000,1.2127659574468086
941,941,468537,1.2127659574468086
942,942,466379,1.2127659574468086
943,943,465026,1.2127659574468086
944,944,468817,1.1914893617021276
945,945,469527,1.1914893617021276
946,946,470000,1.1914893617021276
947,947,469729,1.1914893617021276
948,948,467160,1.1914893617021276
949,949,468107,1.1914893617021276
950,950,470000,1.1914893617021276
951,951,463788,1.1914893617021276
952,952,468504,1.1914893617021276
953,953,469885,1.1914893617021276
954,954,468803,1.1914893617021276
955,955,470000,1.1914893617021276
956,956,468482,1.1914893617021276
957,957,470000,1.1914893617021276
958,958,470000,1.1914893617021276
959,959,467377,1.1914893617021276
960,960,468310,1.1914893617021276
961,961,468972,1.1914893617021276
962,962,466456,1.1914893617021276
963,963,467930,1.1914893617021276
964,964,470000,1.1914893617021276
965,965,470000,1.1914893617021276
966,966,468334,1.1914893617021276
967,967,470000,1.1702127659574468
968,968,470000,1.1702127659574468
969,969,470000,1.1702127659574468
970,970,470000,1.1702127659574468
971,971,467327,1.1702127659574468
972,972,470000,1.1702127659574468
973,973,470000,1.1702127659574468
974,974,468600,1.1702127659574468
975,975,468309,1.1702127659574468
976,976,470000,1.1702127659574468
977,977,465938,1.1702127659574468
978,978,466416,1.1702127659574468
979,979,470000,1.1702127659574468
980,980,469634,1.1702127659574468
981,981,469206,1.1702127659574468
982,982,470000,1.1702127659574468
983,983,470000,1.1702127659574468
984,984,469088,1.1702127659574468
985,985,468452,1.1702127659574468
986,986,469212,1.1702127659574468
987,987,468802,1.1702127659574468
988,988,470000,1.1702127659574468
989,989,469880,1.1702127659574468
990,990,466962,1.1702127659574468
991,991,469511,1.1702127659574468
992,992,468763,1.148936170212766
993,993,467095,1.148936170212766
994,994,466829,1.148936170212766
995,995,469919,1.148936170212766
996,996,467469,1.148936170212766
997,997,470000,1.148936170212766
998,998,470000,1.148936170212766
999,999,470000,1.148936170212766
1000,1000,463087,1.148936170212766
1001,1001,467480,1.148936170212766
1002,1002,466704,1.148936170212766
1003,1003,468233,1.148936170212766
1004,1004,470000,1.148936170212766
1005,1005,469786,1.148936170212766
1006,1006,470000,1.148936170212766
1007,1007,470000,1.148936170212766
1008,1008,467180,1.148936170212766
1009,1009,469368,1.148936170212766
1010,1010,470000,1.148936170212766
1011,1011,470000,1.148936170212766
1012,1012,469213,1.148936170212766
1013,1013,470000,1.148936170212766
1014,1014,470000,1.148936170212766
1015,1015,467947,1.148936170212766
1016,1016,470000,1.148936170212766
1017,1017,465891,1.148936170212766
1018,1018,470000,1.148936170212766
1019,1019,470000,1.127659574468085
1020,1020,470000,1.127659574468085
1021,1021,470000,1.127659574468085
1022,1022,466145,1.127659574468085
1023,1023,470000,1.127659574468085
1024,1024,470000,1.127659574468085
1025,1025,467654,1.127659574468085
1026,1026,468304,1.127659574468085
1027,1027,468121,1.127659574468085
1028,1028,470000,1.127659574468085
1029,1029,468101,1.127659574468085
1030,1030,470000,1.127659574468085
1031,1031,470000,1.127659574468085
1032,1032,470000,1.127659574468085
1033,1033,468375,1.127659574468085
1034,1034,466776,1.127659574468085
1035,1035,466719,1.127659574468085
1036,1036,470000,1.127659574468085
1037,1037,468526,1.127659574468085
1038,1038,470000,1.127659574468085
1039,1039,467888,1.1063829787234043
1040,1040,470000,1.1063829787234043
1041,1041,464703,1.1063829787234043
1042,1042,468971,1.1063829787234043
1043,1043,469594,1.1063829787234043
1044,1044,470000,1.1063829787234043
1045,1045,465325,1.1063829787234043
1046,1046,469437,1.1063829787234043
1047,1047,470000,1.1063829787234043
1048,1048,467806,1.1063829787234043
1049,1049,470000,1.1063829787234043
1050,1050,469763,1.1063829787234043
1051,1051,470000,1.1063829787234043
1052,1052,466903,1.1063829787234043
1053,1053,466633,1.1063829787234043
1054,1054,465396,1.1063829787234043
1055,1055,469978,1.1063829787234043
1056,1056,469622,1.1063829787234043
1057,1057,467869,1.1063829787234043
1058,1058,469485,1.1063829787234043
1059,1059,463206,1.1063829787234043
1060,1060,466218,1.1063829787234043
1061,1061,470000,1.1063829787234043
1062,1062,467194,1.1063829787234043
1063,1063,470000,1.1063829787234043
1064,1064,470000,1.1063829787234043
1065,1065,469326,1.1063829787234043
1066,1066,470000,1.1063829787234043
1067,1067,470000,1.1063829787234043
1068,1068,470000,1.1063829787234043
1069,1069,467626,1.1063829787234043
1070,1070,470000,1.1063829787234043
1071,1071,468982,1.0851063829787233
1072,1072,467859,1.0851063829787233
1073,1073,468068,1.0851063829787233
1074,1074,469211,1.0851063829787233
1075,1075,468055,1.0851063829787233
1076,1076,470000,1.0851063829787233
1077,1077,468710,1.0851063829787233
1078,1078,469657,1.0851063829787233
1079,1079,469260,1.0851063829787233
1080,1080,470000,1.0851063829787233
1081,1081,469978,1.0851063829787233
1082,1082,470000,1.0851063829787233
1083,1083,469587,1.0851063829787233
1084,1084,468833,1.0851063829787233
1085,1085,470000,1.0851063829787233
1086,1086,469810,1.0851063829787233
1087,1087,470000,1.0851063829787233
1088,1088,470000,1.0851063829787233
1089,1089,470000,1.0851063829787233
1090,1090,467742,1.0851063829787233
1091,1091,464994,1.0851063829787233
1092,1092,470000,1.0851063829787233
1093,1093,468057,1.0851063829787233
1094,1094,469431,1.0851063829787233
1095,1095,468532,1.0851063829787233
1096,1096,470000,1.0851063829787233
1097,1097,470000,1.0851063829787233
1098,1098,470000,1.0851063829787233
1099,1099,468182,1.0851063829787233
1100,1100,470000,1.0851063829787233
1101,1101,470000,1.0851063829787233
1102,1102,470000,1.0851063829787233
1103,1103,470000,1.0638297872340425
1104,1104,470000,1.0638297872340425
1105,1105,470000,1.0638297872340425
1106,1106,465471,1.0638297872340425
1107,1107,470000,1.0638297872340425
1108,1108,470000,1.0638297872340425
1109,1109,469624,1.0638297872340425
1110,1110,468773,1.0638297872340425
1111,1111,469083,1.0638297872340425
1112,1112,470000,1.0638297872340425
1113,1113,469726,1.0638297872340425
1114,1114,470000,1.0638297872340425
1115,1115,469933,1.0638297872340425
1116,1116,467468,1.0638297872340425
1117,1117,467383,1.0638297872340425
1118,1118,466844,1.0638297872340425
1119,1119,470000,1.0638297872340425
1120,1120,470000,1.0638297872340425
1121,1121,470000,1.0638297872340425
1122,1122,469472,1.0638297872340425
1123,1123,468296,1.0638297872340425
1124,1124,470000,1.0638297872340425
1125,1125,469849,1.0638297872340425
1126,1126,469393,1.0638297872340425
1127,1127,468876,1.0638297872340425
1128,1128,463948,1.0638297872340425
1129,1129,465687,1.0638297872340425
1130,1130,470000,1.0638297872340425
1131,1131,469345,1.0638297872340425
1132,1132,469296,1.0638297872340425
1133,1133,469524,1.0638297872340425
1134,1134,468087,1.0638297872340425
1135,1135,470000,1.0638297872340425
1136,1136,470000,1.0638297872340425
1137,1137,469241,1.0638297872340425
1138,1138,469288,1.0638297872340425
1139,1139,470000,1.0638297872340425
1140,1140,468974,1.0638297872340425
1141,1141,470000,1.0638297872340425
1142,1142,467783,1.0638297872340425
1143,1143,469594,1.0638297872340425
1144,1144,469722,1.0638297872340425
1145,1145,470000,1.0638297872340425
1146,1146,470000,1.0638297872340425
1147,1147,469385,1.0638297872340425
1148,1148,470000,1.0638297872340425
1149,1149,469331,1.0425531914893618
1150,1150,467038,1.0425531914893618
1151,1151,464733,1.0425531914893618
1152,1152,465614,1.0425531914893618
1153,1153,469211,1.0425531914893618
1154,1154,470000,1.0425531914893618
1155,1155,470000,1.0425531914893618
1156,1156,467531,1.0425531914893618
1157,1157,470000,1.0425531914893618
1158,1158,467887,1.0425531914893618
1159,1159,465243,1.0425531914893618
1160,1160,468317,1.0425531914893618
1161,1161,467584,1.0425531914893618
1162,1162,468263,1.0425531914893618
1163,1163,470000,1.0425531914893618
1164,1164,469064,1.0425531914893618
1165,1165,470000,1.0425531914893618
1166,1166,470000,1.0425531914893618
1167,1167,466795,1.0425531914893618
1168,1168,470000,1.0425531914893618
1169,1169,468957,1.0425531914893618
1170,1170,470000,1.0425531914893618
1171,1171,467935,1.0425531914893618
1172,1172,470000,1.0425531914893618
1173,1173,468672,1.0425531914893618
1174,1174,469697,1.0425531914893618
1175,1175,468227,1.0425531914893618
1176,1176,470000,1.0425531914893618
1177,1177,468040,1.0425531914893618
1178,1178,468184,1.0425531914893618
1179,1179,467983,1.0425531914893618
1180,1180,470000,1.0425531914893618
1181,1181,469607,1.0425531914893618
1182,1182,468797,1.0425531914893618
1183,1183,469356,1.0425531914893618
1184,1184,466654,1.0425531914893618
1185,1185,468538,1.0212765957446808
1186,1186,470000,1.0212765957446808
1187,1187,470000,1.0212765957446808
1188,1188,468670,1.0212765957446808
1189,1189,470000,1.0212765957446808
1190,1190,470000,1.0212765957446808
1191,1191,470000,1.0212765957446808
1192,1192,468355,1.0212765957446808
1193,1193,468515,1.0212765957446808
1194,1194,469200,1.0212765957446808
1195,1195,470000,1.0212765957446808
1196,1196,470000,1.0212765957446808
1197,1197,464576,1.0212765957446808
1198,1198,470000,1.0212765957446808
1199,1199,468982,1.0212765957446808
1200,1200,470000,1.0212765957446808
1201,1201,470000,1.0212765957446808
1202,1202,469850,1.0212765957446808
1203,1203,466125,1.0212765957446808
1204,1204,466766,1.0212765957446808
1205,1205,470000,1.0212765957446808
1206,1206,467799,1.0212765957446808
1207,1207,468691,1.0212765957446808
1208,1208,468975,1.0212765957446808
1209,1209,466220,1.0212765957446808
1210,1210,470000,1.0212765957446808
1211,1211,469672,1.0212765957446808
1212,1212,469148,1.0212765957446808
1213,1213,465377,1.0212765957446808
1214,1214,470000,1.0212765957446808
1215,1215,470000,1.0212765957446808
1216,1216,470000,1.0212765957446808
1217,1217,467270,1.0212765957446808
1218,1218,469153,1.0212765957446808
1219,1219,470000,1.0212765957446808
1220,1220,469479,1.0212765957446808
1221,1221,467583,1.0212765957446808
1222,1222,466348,1.0212765957446808
1223,1223,470000,1.0212765957446808
1224,1224,470000,1.0
1225,1225,470000,1.0
1226,1226,468872,1.0
1227,1227,470000,1.0
1228,1228,470000,1.0
1229,1229,470000,1.0
1230,1230,468119,1.0
1231,1231,469382,1.0
1232,1232,468086,1.0
1233,1233,469194,1.0
1234,1234,468648,1.0
1235,1235,468376,1.0
1236,1236,470000,1.0
1237,1237,470000,1.0
1238,1238,469335,1.0
1239,1239,466726,1.0
1240,1240,470000,1.0
1241,1241,470000,1.0
1242,1242,469675,1.0
1243,1243,470000,1.0
1244,1244,470000,1.0
1245,1245,470000,1.0
1246,1246,469960,1.0
1247,1247,466218,1.0
1248,1248,470000,1.0
1249,1249,470000,1.0
1250,1250,469434,1.0
1251,1251,470000,1.0
1252,1252,467448,1.0
1253,1253,469143,1.0
1254,1254,470000,1.0
1255,1255,468345,1.0
1256,1256,469520,1.0
1257,1257,470000,1.0
1258,1258,467340,1.0
1259,1259,468982,1.0
1260,1260,469569,1.0
1261,1261,470000,1.0
1262,1262,469724,1.0
1263,1263,470000,1.0
1264,1264,470000,0.9787234042553191
1265,1265,469616,0.9787234042553191
1266,1266,470000,0.9787234042553191
1267,1267,468418,0.9787234042553191
1268,1268,470000,0.9787234042553191
1269,1269,470000,0.9787234042553191
1270,1270,467967,0.9787234042553191
1271,1271,470000,0.9787234042553191
1272,1272,470000,0.9787234042553191
1273,1273,470000,0.9787234042553191
1274,1274,470000,0.9787234042553191
1275,1275,470000,0.9787234042553191
1276,1276,467373,0.9787234042553191
1277,1277,465379,0.9787234042553191
1278,1278,470000,0.9787234042553191
1279,1279,470000,0.9787234042553191
1280,1280,470000,0.9787234042553191
1281,1281,470000,0.9787234042553191
1282,1282,468253,0.9787234042553191
1283,1283,470000,0.9787234042553191
1284,1284,470000,0.9787234042553191
1285,1285,469221,0.9787234042553191
1286,1286,468712,0.9787234042553191
1287,1287,470000,0.9787234042553191
1288,1288,470000,0.9787234042553191
1289,1289,467382,0.9787234042553191
1290,1290,469739,0.9787234042553191
1291,1291,468165,0.9787234042553191
1292,1292,470000,0.9787234042553191
1293,1293,470000,0.9787234042553191
1294,1294,466710,0.9787234042553191
1295,1295,470000,0.9787234042553191
1296,1296,466365,0.9787234042553191
1297,1297,468540,0.9787234042553191
1298,1298,470000,0.9787234042553191
1299,1299,469385,0.9787234042553191
1300,1300,467785,0.9787234042553191
1301,1301,468466,0.9787234042553191
1302,1302,469586,0.9787234042553191
1303,1303,469160,0.9574468085106383
1304,1304,470000,0.9574468085106383
1305,1305,469819,0.9574468085106383
1306,1306,470000,0.9574468085106383
1307,1307,470000,0.9574468085106383
1308,1308,468637,0.9574468085106383
1309,1309,469186,0.9574468085106383
1310,1310,470000,0.9574468085106383
1311,1311,465792,0.9574468085106383
1312,1312,467062,0.9574468085106383
1313,1313,469777,0.9574468085106383
1314,1314,467406,0.9574468085106383
1315,1315,468833,0.9574468085106383
1316,1316,470000,0.9574468085106383
1317,1317,470000,0.9574468085106383
1318,1318,470000,0.9574468085106383
1319,1319,470000,0.9574468085106383
1320,1320,468373,0.9574468085106383
1321,1321,470000,0.9574468085106383
1322,1322,470000,0.9574468085106383
1323,1323,467179,0.9574468085106383
1324,1324,469642,0.9574468085106383
1325,1325,470000,0.9574468085106383
1326,1326,470000,0.9574468085106383
1327,1327,470000,0.9574468085106383
1328,1328,468591,0.9574468085106383
1329,1329,468452,0.9574468085106383
1330,1330,470000,0.9574468085106383
1331,1331,470000,0.9574468085106383
1332,1332,467813,0.9574468085106383
1333,1333,468810,0.9574468085106383
1334,1334,468682,0.9574468085106383
1335,1335,468717,0.9574468085106383
1336,1336,468895,0.9574468085106383
1337,1337,469906,0.9574468085106383
1338,1338,459380,0.9574468085106383
1339,1339,467797,0.9574468085106383
1340,1340,470000,0.9574468085106383
1341,1341,467864,0.9574468085106383
1342,1342,470000,0.9574468085106383
1343,1343,466365,0.9574468085106383
1344,1344,470000,0.9574468085106383
1345,1345,468746,0.9574468085106383
1346,1346,470000,0.9574468085106383
1347,1347,466835,0.9574468085106383
1348,1348,466377,0.9574468085106383
1349,1349,470000,0.9574468085106383
1350,1350,469479,0.9574468085106383
1351,1351,470000,0.9574468085106383
1352,1352,470000,0.9574468085106383
1353,1353,469834,0.9574468085106383
1354,1354,467862,0.9574468085106383
1355,1355,468627,0.9574468085106383
1356,1356,469052,0.9574468085106383
1357,1357,468540,0.9574468085106383
1358,1358,469400,0.9574468085106383
1359,1359,470000,0.9574468085106383
1360,1360,468676,0.9574468085106383
1361,1361,468400,0.9574468085106383
1362,1362,469280,0.9574468085106383
1363,1363,470000,0.9361702127659575
1364,1364,470000,0.9361702127659575
1365,1365,467794,0.9361702127659575
1366,1366,469824,0.9361702127659575
1367,1367,470000,0.9361702127659575
1368,1368,468118,0.9361702127659575
1369,1369,470000,0.9361702127659575
1370,1370,470000,0.9361702127659575
1371,1371,468481,0.9361702127659575
1372,1372,470000,0.9361702127659575
1373,1373,468547,0.9361702127659575
1374,1374,468594,0.9361702127659575
1375,1375,468313,0.9361702127659575
1376,1376,470000,0.9361702127659575
1377,1377,470000,0.9361702127659575
1378,1378,469865,0.9361702127659575
1379,1379,467155,0.9361702127659575
1380,1380,468620,0.9361702127659575
1381,1381,470000,0.9361702127659575
1382,1382,470000,0.9361702127659575
1383,1383,470000,0.9361702127659575
1384,1384,470000,0.9361702127659575
1385,1385,468946,0.9361702127659575
1386,1386,468403,0.9361702127659575
1387,1387,470000,0.9361702127659575
1388,1388,470000,0.9361702127659575
1389,1389,469412,0.9361702127659575
1390,1390,466835,0.9361702127659575
1391,1391,467821,0.9361702127659575
1392,1392,469029,0.9361702127659575
1393,1393,468451,0.9361702127659575
1394,1394,469106,0.9361702127659575
1395,1395,470000,0.9361702127659575
1396,1396,470000,0.9361702127659575
1397,1397,466331,0.9361702127659575
1398,1398,470000,0.9361702127659575
1399,1399,468900,0.9361702127659575
1400,1400,469246,0.9361702127659575
1401,1401,469328,0.9361702127659575
1402,1402,468869,0.9148936170212766
1403,1403,468463,0.9148936170212766
1404,1404,468235,0.9148936170212766
1405,1405,470000,0.9148936170212766
1406,1406,461800,0.9148936170212766
1407,1407,470000,0.9148936170212766
1408,1408,470000,0.9148936170212766
1409,1409,470000,0.9148936170212766
1410,1410,468630,0.9148936170212766
1411,1411,470000,0.9148936170212766
1412,1412,470000,0.9148936170212766
1413,1413,470000,0.9148936170212766
1414,1414,470000,0.9148936170212766
1415,1415,469258,0.9148936170212766
1416,1416,470000,0.9148936170212766
1417,1417,465587,0.9148936170212766
1418,1418,467764,0.9148936170212766
1419,1419,470000,0.9148936170212766
1420,1420,468830,0.9148936170212766
1421,1421,470000,0.9148936170212766
1422,1422,469471,0.9148936170212766
1423,1423,469006,0.9148936170212766
1424,1424,467419,0.9148936170212766
1425,1425,467604,0.9148936170212766
1426,1426,470000,0.9148936170212766
1427,1427,469702,0.9148936170212766
1428,1428,470000,0.9148936170212766
1429,1429,470000,0.9148936170212766
1430,1430,469158,0.9148936170212766
1431,1431,462454,0.9148936170212766
1432,1432,464449,0.9148936170212766
1433,1433,467517,0.9148936170212766
1434,1434,468574,0.9148936170212766
1435,1435,467319,0.9148936170212766
1436,1436,469495,0.9148936170212766
1437,1437,469277,0.9148936170212766
1438,1438,468961,0.9148936170212766
1439,1439,468957,0.9148936170212766
1440,1440,467003,0.9148936170212766
1441,1441,465991,0.9148936170212766
1442,1442,467234,0.9148936170212766
1443,1443,468877,0.9148936170212766
1444,1444,470000,0.9148936170212766
1445,1445,470000,0.9148936170212766
1446,1446,467406,0.9148936170212766
1447,1447,470000,0.9148936170212766
1448,1448,467376,0.9148936170212766
1449,1449,469613,0.9148936170212766
1450,1450,468830,0.9148936170212766
1451,1451,468736,0.9148936170212766
1452,1452,470000,0.9148936170212766
1453,1453,469312,0.9148936170212766
1454,1454,469635,0.9148936170212766
1455,1455,470000,0.9148936170212766
1456,1456,470000,0.9148936170212766
1457,1457,470000,0.9148936170212766
1458,1458,470000,0.9148936170212766
1459,1459,469639,0.9148936170212766
1460,1460,470000,0.8936170212765957
1461,1461,466396,0.8936170212765957
1462,1462,470000,0.8936170212765957
1463,1463,470000,0.8936170212765957
1464,1464,470000,0.8936170212765957
1465,1465,468092,0.8936170212765957
1466,1466,470000,0.8936170212765957
1467,1467,469370,0.8936170212765957
1468,1468,470000,0.8936170212765957
1469,1469,465118,0.8936170212765957
1470,1470,470000,0.8936170212765957
1471,1471,469269,0.8936170212765957
1472,1472,468396,0.8936170212765957
1473,1473,470000,0.8936170212765957
1474,1474,469348,0.8936170212765957
1475,1475,468215,0.8936170212765957
1476,1476,466538,0.8936170212765957
1477,1477,469417,0.8936170212765957
1478,1478,470000,0.8936170212765957
1479,1479,466770,0.8936170212765957
1480,1480,469567,0.8936170212765957
1481,1481,468929,0.8936170212765957
1482,1482,469018,0.8936170212765957
1483,1483,470000,0.8936170212765957
1484,1484,470000,0.8936170212765957
1485,1485,469711,0.8936170212765957
1486,1486,470000,0.8936170212765957
1487,1487,470000,0.8936170212765957
1488,1488,467002,0.8936170212765957
1489,1489,467820,0.8936170212765957
1490,1490,465900,0.8936170212765957
1491,1491,469281,0.8936170212765957
1492,1492,464111,0.8936170212765957
1493,1493,467082,0.8936170212765957
1494,1494,469373,0.8936170212765957
1495,1495,469127,0.8936170212765957
1496,1496,470000,0.8936170212765957
1497,1497,466904,0.8936170212765957
1498,1498,469208,0.8936170212765957
1499,1499,469291,0.8936170212765957
1500,1500,470000,0.8936170212765957
1501,1501,464571,0.8936170212765957
1502,1502,470000,0.8936170212765957
1503,1503,470000,0.8936170212765957
1504,1504,470000,0.8936170212765957
1505,1505,467443,0.8936170212765957
1506,1506,470000,0.8936170212765957
1507,1507,470000,0.8936170212765957
1508,1508,470000,0.8936170212765957
1509,1509,467700,0.8936170212765957
1510,1510,470000,0.8936170212765957
1511,1511,470000,0.8936170212765957
1512,1512,469751,0.8936170212765957
1513,1513,467493,0.8936170212765957
1514,1514,469495,0.8936170212765957
1515,1515,470000,0.8936170212765957
1516,1516,470000,0.8936170212765957
1517,1517,470000,0.8936170212765957
1518,1518,469563,0.8936170212765957
1519,1519,469619,0.8936170212765957
1520,1520,470000,0.8936170212765957
1521,1521,469477,0.8936170212765957
1522,1522,469031,0.8936170212765957
1523,1523,469753,0.8936170212765957
1524,1524,470000,0.8936170212765957
1525,1525,470000,0.8936170212765957
1526,1526,468310,0.8936170212765957
1527,1527,469025,0.8723404255319149
1528,1528,469658,0.8723404255319149
1529,1529,468543,0.8723404255319149
1530,1530,470000,0.8723404255319149
1531,1531,470000,0.8723404255319149
1532,1532,470000,0.8723404255319149
1533,1533,470000,0.8723404255319149
1534,1534,468654,0.8723404255319149
1535,1535,470000,0.8723404255319149
1536,1536,470000,0.8723404255319149
1537,1537,469820,0.8723404255319149
1538,1538,468589,0.8723404255319149
1539,1539,468740,0.8723404255319149
1540,1540,467696,0.8723404255319149
1541,1541,470000,0.8723404255319149
1542,1542,470000,0.8723404255319149
1543,1543,469663,0.8723404255319149
1544,1544,470000,0.8723404255319149
1545,1545,469119,0.8723404255319149
1546,1546,470000,0.8723404255319149
1547,1547,466265,0.8723404255319149
1548,1548,470000,0.8723404255319149
1549,1549,464339,0.8723404255319149
1550,1550,470000,0.8723404255319149
1551,1551,468871,0.8723404255319149
1552,1552,470000,0.8723404255319149
1553,1553,470000,0.8723404255319149
1554,1554,467994,0.8723404255319149
1555,1555,470000,0.8723404255319149
1556,1556,470000,0.8723404255319149
1557,1557,468706,0.8723404255319149
1558,1558,470000,0.8723404255319149
1559,1559,470000,0.8723404255319149
1560,1560,470000,0.8723404255319149
1561,1561,468875,0.8723404255319149
1562,1562,469274,0.8723404255319149
1563,1563,468949,0.8723404255319149
1564,1564,467182,0.8723404255319149
1565,1565,470000,0.8723404255319149
1566,1566,467889,0.8723404255319149
1567,1567,467786,0.8723404255319149
1568,1568,467441,0.8723404255319149
1569,1569,470000,0.8723404255319149
1570,1570,469071,0.8723404255319149
1571,1571,470000,0.8723404255319149
1572,1572,468861,0.8723404255319149
1573,1573,470000,0.8723404255319149
1574,1574,467468,0.8723404255319149
1575,1575,467339,0.8723404255319149
1576,1576,469519,0.8723404255319149
1577,1577,467875,0.8723404255319149
1578,1578,464519,0.8723404255319149
1579,1579,469427,0.8723404255319149
1580,1580,469816,0.8723404255319149
1581,1581,470000,0.8723404255319149
1582,1582,470000,0.8723404255319149
1583,1583,470000,0.8723404255319149
1584,1584,470000,0.8723404255319149
1585,1585,470000,0.8723404255319149
1586,1586,470000,0.851063829787234
1587,1587,466716,0.851063829787234
1588,1588,470000,0.851063829787234
1589,1589,469137,0.851063829787234
1590,1590,469599,0.851063829787234
1591,1591,470000,0.851063829787234
1592,1592,469472,0.851063829787234
1593,1593,470000,0.851063829787234
1594,1594,470000,0.851063829787234
1595,1595,468417,0.851063829787234
1596,1596,470000,0.851063829787234
1597,1597,470000,0.851063829787234
1598,1598,470000,0.851063829787234
1599,1599,468297,0.851063829787234
1600,1600,468861,0.851063829787234
1601,1601,467323,0.851063829787234
1602,1602,466819,0.851063829787234
1603,1603,469639,0.851063829787234
1604,1604,468915,0.851063829787234
1605,1605,468394,0.851063829787234
1606,1606,470000,0.851063829787234
1607,1607,469360,0.851063829787234
1608,1608,467435,0.851063829787234
1609,1609,470000,0.851063829787234
1610,1610,470000,0.851063829787234
1611,1611,468699,0.851063829787234
1612,1612,470000,0.851063829787234
1613,1613,466359,0.851063829787234
1614,1614,468086,0.851063829787234
1615,1615,464111,0.851063829787234
1616,1616,469277,0.851063829787234
1617,1617,468164,0.851063829787234
1618,1618,470000,0.851063829787234
1619,1619,470000,0.851063829787234
1620,1620,470000,0.851063829787234
1621,1621,470000,0.851063829787234
1622,1622,468883,0.851063829787234
1623,1623,470000,0.851063829787234
1624,1624,470000,0.851063829787234
1625,1625,469016,0.851063829787234
1626,1626,470000,0.851063829787234
1627,1627,466852,0.851063829787234
1628,1628,470000,0.851063829787234
1629,1629,469468,0.851063829787234
1630,1630,469784,0.851063829787234
1631,1631,467523,0.851063829787234
1632,1632,469201,0.851063829787234
1633,1633,470000,0.851063829787234
1634,1634,470000,0.851063829787234
1635,1635,469198,0.851063829787234
1636,1636,468070,0.851063829787234
1637,1637,468857,0.851063829787234
1638,1638,470000,0.851063829787234
1639,1639,466652,0.851063829787234
1640,1640,469408,0.851063829787234
1641,1641,469531,0.851063829787234
1642,1642,468385,0.851063829787234
1643,1643,470000,0.851063829787234
1644,1644,466870,0.851063829787234
1645,1645,468172,0.851063829787234
1646,1646,467518,0.851063829787234
1647,1647,467232,0.851063829787234
1648,1648,468057,0.851063829787234
1649,1649,467108,0.8297872340425532
1650,1650,469479,0.8297872340425532
1651,1651,470000,0.8297872340425532
1652,1652,470000,0.8297872340425532
1653,1653,466849,0.8297872340425532
1654,1654,470000,0.8297872340425532
1655,1655,468894,0.8297872340425532
1656,1656,470000,0.8297872340425532
1657,1657,469405,0.8297872340425532
1658,1658,469252,0.8297872340425532
1659,1659,466474,0.8297872340425532
1660,1660,470000,0.8297872340425532
1661,1661,465203,0.8297872340425532
1662,1662,470000,0.8297872340425532
1663,1663,468798,0.8297872340425532
1664,1664,468048,0.8297872340425532
1665,1665,467572,0.8297872340425532
1666,1666,470000,0.8297872340425532
1667,1667,466611,0.8297872340425532
1668,1668,466334,0.8297872340425532
1669,1669,467227,0.8297872340425532
1670,1670,467803,0.8297872340425532
1671,1671,469044,0.8297872340425532
1672,1672,468186,0.8297872340425532
1673,1673,469658,0.8297872340425532
1674,1674,469285,0.8297872340425532
1675,1675,469001,0.8297872340425532
1676,1676,469606,0.8297872340425532
1677,1677,466562,0.8297872340425532
1678,1678,466675,0.8297872340425532
1679,1679,468808,0.8297872340425532
1680,1680,468435,0.8297872340425532
1681,1681,468777,0.8297872340425532
1682,1682,468175,0.8297872340425532
1683,1683,467654,0.8297872340425532
1684,1684,467746,0.8297872340425532
1685,1685,467855,0.8297872340425532
1686,1686,470000,0.8297872340425532
1687,1687,470000,0.8297872340425532
1688,1688,470000,0.8297872340425532
1689,1689,470000,0.8297872340425532
1690,1690,470000,0.8297872340425532
1691,1691,467013,0.8297872340425532
1692,1692,470000,0.8297872340425532
1693,1693,466830,0.8297872340425532
1694,1694,464960,0.8297872340425532
1695,1695,469130,0.8297872340425532
1696,1696,468456,0.8297872340425532
1697,1697,470000,0.8297872340425532
1698,1698,469628,0.8297872340425532
1699,1699,469116,0.8297872340425532
1700,1700,470000,0.8297872340425532
1701,1701,465141,0.8297872340425532
1702,1702,467484,0.8085106382978723
1703,1703,470000,0.8085106382978723
1704,1704,470000,0.8085106382978723
1705,1705,470000,0.8085106382978723
1706,1706,466587,0.8085106382978723
1707,1707,470000,0.8085106382978723
1708,1708,469385,0.8085106382978723
1709,1709,468931,0.8085106382978723
1710,1710,467314,0.8085106382978723
1711,1711,468342,0.8085106382978723
1712,1712,470000,0.8085106382978723
1713,1713,467265,0.8085106382978723
1714,1714,470000,0.8085106382978723
1715,1715,469329,0.8085106382978723
1716,1716,469031,0.8085106382978723
1717,1717,469090,0.8085106382978723
1718,1718,467849,0.8085106382978723
1719,1719,466808,0.8085106382978723
1720,1720,468653,0.8085106382978723
1721,1721,469524,0.8085106382978723
1722,1722,469127,0.8085106382978723
1723,1723,470000,0.8085106382978723
1724,1724,468931,0.8085106382978723
1725,1725,469087,0.8085106382978723
1726,1726,467426,0.8085106382978723
1727,1727,469901,0.8085106382978723
1728,1728,468812,0.8085106382978723
1729,1729,469202,0.8085106382978723
1730,1730,468441,0.8085106382978723
1731,1731,470000,0.8085106382978723
1732,1732,468327,0.8085106382978723
1733,1733,466889,0.8085106382978723
1734,1734,467710,0.8085106382978723
1735,1735,468463,0.8085106382978723
1736,1736,470000,0.8085106382978723
1737,1737,468637,0.8085106382978723
1738,1738,466719,0.8085106382978723
1739,1739,467681,0.8085106382978723
1740,1740,470000,0.8085106382978723
1741,1741,469040,0.8085106382978723
1742,1742,468983,0.8085106382978723
1743,1743,466070,0.8085106382978723
1744,1744,470000,0.8085106382978723
1745,1745,470000,0.8085106382978723
1746,1746,470000,0.8085106382978723
1747,1747,470000,0.8085106382978723
1748,1748,468460,0.8085106382978723
1749,1749,470000,0.8085106382978723
1750,1750,470000,0.8085106382978723
1751,1751,468560,0.8085106382978723
1752,1752,469167,0.8085106382978723
1753,1753,470000,0.8085106382978723
1754,1754,466656,0.8085106382978723
1755,1755,470000,0.8085106382978723
1756,1756,468323,0.8085106382978723
1757,1757,470000,0.7872340425531915
1758,1758,467069,0.7872340425531915
1759,1759,467011,0.7872340425531915
1760,1760,470000,0.7872340425531915
1761,1761,469514,0.7872340425531915
1762,1762,468614,0.7872340425531915
1763,1763,470000,0.7872340425531915
1764,1764,467130,0.7872340425531915
1765,1765,465481,0.7872340425531915
1766,1766,467348,0.7872340425531915
1767,1767,470000,0.7872340425531915
1768,1768,466742,0.7872340425531915
1769,1769,470000,0.7872340425531915
1770,1770,469051,0.7872340425531915
1771,1771,470000,0.7872340425531915
1772,1772,470000,0.7872340425531915
1773,1773,469947,0.7872340425531915
1774,1774,468638,0.7872340425531915
1775,1775,467250,0.7872340425531915
1776,1776,470000,0.7872340425531915
1777,1777,470000,0.7872340425531915
1778,1778,469090,0.7872340425531915
1779,1779,468808,0.7872340425531915
1780,1780,470000,0.7872340425531915
1781,1781,468700,0.7872340425531915
1782,1782,469030,0.7872340425531915
1783,1783,465738,0.7872340425531915
1784,1784,470000,0.7872340425531915
1785,1785,470000,0.7872340425531915
1786,1786,467712,0.7872340425531915
1787,1787,468908,0.7872340425531915
1788,1788,465555,0.7872340425531915
1789,1789,465261,0.7872340425531915
1790,1790,469648,0.7872340425531915
1791,1791,465837,0.7872340425531915
1792,1792,469061,0.7872340425531915
1793,1793,469548,0.7872340425531915
1794,1794,470000,0.7872340425531915
1795,1795,470000,0.7872340425531915
1796,1796,466448,0.7872340425531915
1797,1797,469444,0.7872340425531915
1798,1798,469471,0.7872340425531915
1799,1799,466750,0.7872340425531915
1800,1800,465660,0.7872340425531915
1801,1801,468498,0.7872340425531915
1802,1802,470000,0.7872340425531915
1803,1803,469179,0.7872340425531915
1804,1804,469132,0.7872340425531915
1805,1805,469129,0.7872340425531915
1806,1806,468044,0.7872340425531915
1807,1807,470000,0.7872340425531915
1808,1808,468542,0.7659574468085106
1809,1809,465482,0.7659574468085106
1810,1810,469938,0.7659574468085106
1811,1811,469703,0.7659574468085106
1812,1812,470000,0.7659574468085106
1813,1813,468402,0.7659574468085106
1814,1814,470000,0.7659574468085106
1815,1815,470000,0.7659574468085106
1816,1816,470000,0.7659574468085106
1817,1817,469612,0.7659574468085106
1818,1818,469845,0.7659574468085106
1819,1819,467425,0.7659574468085106
1820,1820,470000,0.7659574468085106
1821,1821,462791,0.7659574468085106
1822,1822,468032,0.7659574468085106
1823,1823,470000,0.7659574468085106
1824,1824,470000,0.7659574468085106
1825,1825,470000,0.7659574468085106
1826,1826,468660,0.7659574468085106
1827,1827,470000,0.7659574468085106
1828,1828,469758,0.7659574468085106
1829,1829,468249,0.7659574468085106
1830,1830,469638,0.7659574468085106
1831,1831,470000,0.7659574468085106
1832,1832,466283,0.7659574468085106
1833,1833,465831,0.7659574468085106
1834,1834,466060,0.7659574468085106
1835,1835,468726,0.7659574468085106
1836,1836,468283,0.7659574468085106
1837,1837,470000,0.7659574468085106
1838,1838,467797,0.7659574468085106
1839,1839,468262,0.7659574468085106
1840,1840,470000,0.7659574468085106
1841,1841,470000,0.7659574468085106
1842,1842,470000,0.7659574468085106
1843,1843,469262,0.7659574468085106
1844,1844,468103,0.7659574468085106
1845,1845,467660,0.7659574468085106
1846,1846,469524,0.7659574468085106
1847,1847,465772,0.7659574468085106
1848,1848,470000,0.7659574468085106
1849,1849,468037,0.7659574468085106
1850,1850,469991,0.7659574468085106
1851,1851,468786,0.7659574468085106
1852,1852,470000,0.7659574468085106
1853,1853,470000,0.7659574468085106
1854,1854,470000,0.7659574468085106
1855,1855,470000,0.7659574468085106
1856,1856,470000,0.7659574468085106
1857,1857,470000,0.7659574468085106
1858,1858,469775,0.7659574468085106
1859,1859,465314,0.7659574468085106
1860,1860,469258,0.7659574468085106
1861,1861,470000,0.7659574468085106
1862,1862,470000,0.7659574468085106
1863,1863,470000,0.7659574468085106
1864,1864,470000,0.7659574468085106
1865,1865,470000,0.7659574468085106
1866,1866,470000,0.7659574468085106
1867,1867,470000,0.7659574468085106
1868,1868,468368,0.7659574468085106
1869,1869,468292,0.7659574468085106
1870,1870,470000,0.7659574468085106
1871,1871,470000,0.7659574468085106
1872,1872,468450,0.7659574468085106
1873,1873,470000,0.7659574468085106
1874,1874,470000,0.7659574468085106
1875,1875,468779,0.7659574468085106
1876,1876,470000,0.7659574468085106
1877,1877,469033,0.7659574468085106
1878,1878,469228,0.7659574468085106
1879,1879,470000,0.7659574468085106
1880,1880,468417,0.7659574468085106
1881,1881,467092,0.7659574468085106
1882,1882,470000,0.7659574468085106
1883,1883,470000,0.7659574468085106
1884,1884,470000,0.7659574468085106
1885,1885,467755,0.7659574468085106
1886,1886,470000,0.7659574468085106
1887,1887,467665,0.7659574468085106
1888,1888,470000,0.7659574468085106
1889,1889,470000,0.7659574468085106
1890,1890,470000,0.7659574468085106
1891,1891,466692,0.7659574468085106
1892,1892,470000,0.7446808510638298
1893,1893,470000,0.7446808510638298
1894,1894,470000,0.7446808510638298
1895,1895,470000,0.7446808510638298
1896,1896,470000,0.7446808510638298
1897,1897,470000,0.7446808510638298
1898,1898,465447,0.7446808510638298
1899,1899,467230,0.7446808510638298
1900,1900,469629,0.7446808510638298
1901,1901,465365,0.7446808510638298
1902,1902,469424,0.7446808510638298
1903,1903,469236,0.7446808510638298
1904,1904,468900,0.7446808510638298
1905,1905,467813,0.7446808510638298
1906,1906,470000,0.7446808510638298
1907,1907,470000,0.7446808510638298
1908,1908,465781,0.7446808510638298
1909,1909,466565,0.7446808510638298
1910,1910,465849,0.7446808510638298
1911,1911,470000,0.7446808510638298
1912,1912,470000,0.7446808510638298
1913,1913,470000,0.7446808510638298
1914,1914,469879,0.7446808510638298
1915,1915,470000,0.7446808510638298
1916,1916,469802,0.7446808510638298
1917,1917,470000,0.7446808510638298
1918,1918,466317,0.7446808510638298
1919,1919,465977,0.7446808510638298
1920,1920,470000,0.7446808510638298
1921,1921,469838,0.7446808510638298
1922,1922,470000,0.7446808510638298
1923,1923,470000,0.7446808510638298
1924,1924,470000,0.7446808510638298
1925,1925,470000,0.7446808510638298
1926,1926,469501,0.7446808510638298
1927,1927,465213,0.7446808510638298
1928,1928,470000,0.7446808510638298
1929,1929,470000,0.7446808510638298
1930,1930,466950,0.7446808510638298
1931,1931,470000,0.7446808510638298
1932,1932,468542,0.7446808510638298
1933,1933,470000,0.7446808510638298
1934,1934,469131,0.7446808510638298
1935,1935,466205,0.7446808510638298
1936,1936,470000,0.7446808510638298
1937,1937,470000,0.7446808510638298
1938,1938,466775,0.7446808510638298
1939,1939,470000,0.7446808510638298
1940,1940,470000,0.7446808510638298
1941,1941,466572,0.7446808510638298
1942,1942,470000,0.7446808510638298
1943,1943,464974,0.723404255319149
1944,1944,469834,0.723404255319149
1945,1945,470000,0.723404255319149
1946,1946,468463,0.723404255319149
1947,1947,469015,0.723404255319149
1948,1948,465781,0.723404255319149
1949,1949,467559,0.723404255319149
1950,1950,469401,0.723404255319149
1951,1951,470000,0.723404255319149
1952,1952,467412,0.723404255319149
1953,1953,468378,0.723404255319149
1954,1954,468602,0.723404255319149
1955,1955,470000,0.723404255319149
1956,1956,470000,0.723404255319149
1957,1957,470000,0.723404255319149
1958,1958,470000,0.723404255319149
1959,1959,470000,0.723404255319149
1960,1960,467239,0.723404255319149
1961,1961,470000,0.723404255319149
1962,1962,467874,0.723404255319149
1963,1963,467278,0.723404255319149
1964,1964,468597,0.723404255319149
1965,1965,468814,0.723404255319149
1966,1966,470000,0.723404255319149
1967,1967,469849,0.723404255319149
1968,1968,470000,0.723404255319149
1969,1969,468215,0.723404255319149
1970,1970,466077,0.723404255319149
1971,1971,467739,0.723404255319149
1972,1972,470000,0.723404255319149
1973,1973,470000,0.723404255319149
1974,1974,467189,0.723404255319149
1975,1975,469492,0.723404255319149
1976,1976,465988,0.723404255319149
1977,1977,468980,0.723404255319149
1978,1978,470000,0.723404255319149
1979,1979,469276,0.723404255319149
1980,1980,470000,0.723404255319149
1981,1981,468485,0.723404255319149
1982,1982,470000,0.723404255319149
1983,1983,466585,0.723404255319149
1984,1984,470000,0.723404255319149
1985,1985,466349,0.723404255319149
1986,1986,470000,0.723404255319149
1987,1987,470000,0.723404255319149
1988,1988,469212,0.723404255319149
1989,1989,469000,0.723404255319149
1990,1990,468378,0.723404255319149
1991,1991,469941,0.723404255319149
1992,1992,469355,0.723404255319149
1993,1993,468773,0.723404255319149
1994,1994,468868,0.723404255319149
1995,1995,470000,0.723404255319149
1996,1996,469551,0.723404255319149
1997,1997,470000,0.723404255319149
1998,1998,470000,0.723404255319149
1999,1999,469043,0.723404255319149
2000,2000,469589,0.723404255319149
2001,2001,468368,0.723404255319149
2002,2002,470000,0.723404255319149
2003,2003,465751,0.723404255319149
2004,2004,468747,0.723404255319149
2005,2005,467413,0.723404255319149
2006,2006,469560,0.723404255319149
2007,2007,469013,0.723404255319149
2008,2008,469149,0.723404255319149
2009,2009,470000,0.723404255319149
2010,2010,468707,0.723404255319149
2011,2011,469199,0.723404255319149
2012,2012,469464,0.723404255319149
2013,2013,466549,0.723404255319149
2014,2014,470000,0.723404255319149
2015,2015,467605,0.723404255319149
2016,2016,468149,0.723404255319149
2017,2017,470000,0.723404255319149
2018,2018,470000,0.723404255319149
2019,2019,469490,0.7021276595744681
2020,2020,470000,0.7021276595744681
2021,2021,467787,0.7021276595744681
2022,2022,470000,0.7021276595744681
2023,2023,470000,0.7021276595744681
2024,2024,463957,0.7021276595744681
2025,2025,470000,0.7021276595744681
2026,2026,469423,0.7021276595744681
2027,2027,470000,0.7021276595744681
2028,2028,469087,0.7021276595744681
2029,2029,467993,0.7021276595744681
2030,2030,467291,0.7021276595744681
2031,2031,467320,0.7021276595744681
2032,2032,470000,0.7021276595744681
2033,2033,466073,0.7021276595744681
2034,2034,463891,0.7021276595744681
2035,2035,469447,0.7021276595744681
2036,2036,467969,0.7021276595744681
2037,2037,470000,0.7021276595744681
2038,2038,468590,0.7021276595744681
2039,2039,469783,0.7021276595744681
2040,2040,469549,0.7021276595744681
2041,2041,467139,0.7021276595744681
2042,2042,469123,0.7021276595744681
2043,2043,467012,0.7021276595744681
2044,2044,470000,0.7021276595744681
2045,2045,465344,0.7021276595744681
2046,2046,468842,0.7021276595744681
2047,2047,469422,0.7021276595744681
2048,2048,470000,0.7021276595744681
2049,2049,470000,0.7021276595744681
2050,2050,466393,0.7021276595744681
2051,2051,470000,0.7021276595744681
2052,2052,467962,0.7021276595744681
2053,2053,470000,0.7021276595744681
2054,2054,466584,0.7021276595744681
2055,2055,468377,0.7021276595744681
2056,2056,466999,0.7021276595744681
2057,2057,470000,0.7021276595744681
2058,2058,469483,0.7021276595744681
2059,2059,466634,0.7021276595744681
2060,2060,470000,0.7021276595744681
2061,2061,469358,0.7021276595744681
2062,2062,469672,0.7021276595744681
2063,2063,470000,0.7021276595744681
2064,2064,467635,0.7021276595744681
2065,2065,470000,0.7021276595744681
2066,2066,470000,0.7021276595744681
2067,2067,467382,0.7021276595744681
2068,2068,470000,0.7021276595744681
2069,2069,468353,0.7021276595744681
2070,2070,469016,0.7021276595744681
2071,2071,466274,0.7021276595744681
2072,2072,470000,0.7021276595744681
2073,2073,468921,0.7021276595744681
2074,2074,469428,0.7021276595744681
2075,2075,468521,0.7021276595744681
2076,2076,469420,0.7021276595744681
2077,2077,470000,0.7021276595744681
2078,2078,468966,0.7021276595744681
2079,2079,467438,0.7021276595744681
2080,2080,463213,0.7021276595744681
2081,2081,470000,0.6808510638297872
2082,2082,470000,0.6808510638297872
2083,2083,470000,0.6808510638297872
2084,2084,468891,0.6808510638297872
2085,2085,469484,0.6808510638297872
2086,2086,470000,0.6808510638297872
2087,2087,467987,0.6808510638297872
2088,2088,468132,0.6808510638297872
2089,2089,467335,0.6808510638297872
2090,2090,470000,0.6808510638297872
2091,2091,470000,0.6808510638297872
2092,2092,469693,0.6808510638297872
2093,2093,467085,0.6808510638297872
2094,2094,470000,0.6808510638297872
2095,2095,466462,0.6808510638297872
2096,2096,467829,0.6808510638297872
2097,2097,466638,0.6808510638297872
2098,2098,469251,0.6808510638297872
2099,2099,468564,0.6808510638297872
2100,2100,467885,0.6808510638297872
2101,2101,470000,0.6808510638297872
2102,2102,470000,0.6808510638297872
2103,2103,470000,0.6808510638297872
2104,2104,470000,0.6808510638297872
2105,2105,468772,0.6808510638297872
2106,2106,470000,0.6808510638297872
2107,2107,468141,0.6808510638297872
2108,2108,470000,0.6808510638297872
2109,2109,470000,0.6808510638297872
2110,2110,470000,0.6808510638297872
2111,2111,469273,0.6808510638297872
2112,2112,468979,0.6808510638297872
2113,2113,469750,0.6808510638297872
2114,2114,470000,0.6808510638297872
2115,2115,470000,0.6808510638297872
2116,2116,470000,0.6808510638297872
2117,2117,466043,0.6808510638297872
2118,2118,470000,0.6808510638297872
2119,2119,469433,0.6808510638297872
2120,2120,467499,0.6808510638297872
2121,2121,466824,0.6808510638297872
2122,2122,470000,0.6808510638297872
2123,2123,470000,0.6808510638297872
2124,2124,467379,0.6808510638297872
2125,2125,470000,0.6808510638297872
2126,2126,469605,0.6808510638297872
2127,2127,466954,0.6808510638297872
2128,2128,466976,0.6808510638297872
2129,2129,469900,0.6808510638297872
2130,2130,470000,0.6808510638297872
2131,2131,469220,0.6808510638297872
2132,2132,470000,0.6808510638297872
2133,2133,466534,0.6808510638297872
2134,2134,468227,0.6808510638297872
2135,2135,467453,0.6808510638297872
2136,2136,470000,0.6808510638297872
2137,2137,466843,0.6808510638297872
2138,2138,469177,0.6808510638297872
2139,2139,467000,0.6808510638297872
2140,2140,467397,0.6808510638297872
2141,2141,470000,0.6808510638297872
2142,2142,469123,0.6808510638297872
2143,2143,461752,0.6808510638297872
2144,2144,470000,0.6808510638297872
2145,2145,469098,0.6808510638297872
2146,2146,468806,0.6808510638297872
2147,2147,469024,0.6808510638297872
2148,2148,470000,0.6808510638297872
2149,2149,470000,0.6808510638297872
2150,2150,470000,0.6808510638297872
2151,2151,470000,0.6808510638297872
2152,2152,465705,0.6808510638297872
2153,2153,467691,0.6808510638297872
2154,2154,470000,0.6808510638297872
2155,2155,465625,0.6808510638297872
2156,2156,470000,0.6808510638297872
2157,2157,470000,0.6808510638297872
2158,2158,470000,0.6808510638297872
2159,2159,468971,0.6808510638297872
2160,2160,470000,0.6808510638297872
2161,2161,470000,0.6808510638297872
2162,2162,469040,0.6808510638297872
2163,2163,467668,0.6808510638297872
2164,2164,470000,0.6595744680851063
2165,2165,462615,0.6595744680851063
2166,2166,470000,0.6595744680851063
2167,2167,469754,0.6595744680851063
2168,2168,470000,0.6595744680851063
2169,2169,469471,0.6595744680851063
2170,2170,470000,0.6595744680851063
2171,2171,464749,0.6595744680851063
2172,2172,470000,0.6595744680851063
2173,2173,468936,0.6595744680851063
2174,2174,467385,0.6595744680851063
2175,2175,469624,0.6595744680851063
2176,2176,469295,0.6595744680851063
2177,2177,470000,0.6595744680851063
2178,2178,467002,0.6595744680851063
2179,2179,470000,0.6595744680851063
2180,2180,470000,0.6595744680851063
2181,2181,470000,0.6595744680851063
2182,2182,470000,0.6595744680851063
2183,2183,469891,0.6595744680851063
2184,2184,469399,0.6595744680851063
2185,2185,468052,0.6595744680851063
2186,2186,470000,0.6595744680851063
2187,2187,469504,0.6595744680851063
2188,2188,469861,0.6595744680851063
2189,2189,468800,0.6595744680851063
2190,2190,467772,0.6595744680851063
2191,2191,470000,0.6595744680851063
2192,2192,470000,0.6595744680851063
2193,2193,468927,0.6595744680851063
2194,2194,465948,0.6595744680851063
2195,2195,470000,0.6595744680851063
2196,2196,465819,0.6595744680851063
2197,2197,462969,0.6595744680851063
2198,2198,469809,0.6595744680851063
2199,2199,469711,0.6595744680851063
2200,2200,470000,0.6595744680851063
2201,2201,468439,0.6595744680851063
2202,2202,470000,0.6595744680851063
2203,2203,470000,0.6595744680851063
2204,2204,470000,0.6595744680851063
2205,2205,470000,0.6595744680851063
2206,2206,469016,0.6595744680851063
2207,2207,466881,0.6595744680851063
2208,2208,467003,0.6595744680851063
2209,2209,469666,0.6595744680851063
2210,2210,466505,0.6595744680851063
2211,2211,470000,0.6595744680851063
2212,2212,468347,0.6595744680851063
2213,2213,468691,0.6595744680851063
2214,2214,470000,0.6595744680851063
2215,2215,470000,0.6595744680851063
2216,2216,467217,0.6595744680851063
2217,2217,470000,0.6595744680851063
2218,2218,468108,0.6595744680851063
2219,2219,468616,0.6595744680851063
2220,2220,470000,0.6595744680851063
2221,2221,469009,0.6595744680851063
2222,2222,466611,0.6595744680851063
2223,2223,467868,0.6595744680851063
2224,2224,469004,0.6595744680851063
2225,2225,470000,0.6595744680851063
2226,2226,468432,0.6595744680851063
2227,2227,466150,0.6595744680851063
2228,2228,470000,0.6595744680851063
2229,2229,470000,0.6595744680851063
2230,2230,467471,0.6595744680851063
2231,2231,470000,0.6595744680851063
2232,2232,470000,0.6595744680851063
2233,2233,466745,0.6595744680851063
2234,2234,469523,0.6595744680851063
2235,2235,469120,0.6595744680851063
2236,2236,470000,0.6382978723404256
2237,2237,468957,0.6382978723404256
2238,2238,468072,0.6382978723404256
2239,2239,470000,0.6382978723404256
2240,2240,463402,0.6382978723404256
2241,2241,468815,0.6382978723404256
2242,2242,470000,0.6382978723404256
2243,2243,468423,0.6382978723404256
2244,2244,468649,0.6382978723404256
2245,2245,468011,0.6382978723404256
2246,2246,470000,0.6382978723404256
2247,2247,468427,0.6382978723404256
2248,2248,469501,0.6382978723404256
2249,2249,470000,0.6382978723404256
2250,2250,468277,0.6382978723404256
2251,2251,468370,0.6382978723404256
2252,2252,470000,0.6382978723404256
2253,2253,470000,0.6382978723404256
2254,2254,470000,0.6382978723404256
2255,2255,470000,0.6382978723404256
2256,2256,468527,0.6382978723404256
2257,2257,469549,0.6382978723404256
2258,2258,469288,0.6382978723404256
2259,2259,470000,0.6382978723404256
2260,2260,470000,0.6382978723404256
2261,2261,468927,0.6382978723404256
2262,2262,469436,0.6382978723404256
2263,2263,466827,0.6382978723404256
2264,2264,470000,0.6382978723404256
2265,2265,468268,0.6382978723404256
2266,2266,470000,0.6382978723404256
2267,2267,466903,0.6382978723404256
2268,2268,464198,0.6382978723404256
2269,2269,468237,0.6382978723404256
2270,2270,469437,0.6382978723404256
2271,2271,470000,0.6382978723404256
2272,2272,470000,0.6382978723404256
2273,2273,469379,0.6382978723404256
2274,2274,470000,0.6382978723404256
2275,2275,470000,0.6382978723404256
2276,2276,467539,0.6382978723404256
2277,2277,470000,0.6382978723404256
2278,2278,470000,0.6382978723404256
2279,2279,470000,0.6382978723404256
2280,2280,469600,0.6382978723404256
2281,2281,470000,0.6382978723404256
2282,2282,470000,0.6382978723404256
2283,2283,470000,0.6382978723404256
2284,2284,468404,0.6382978723404256
2285,2285,470000,0.6382978723404256
2286,2286,470000,0.6382978723404256
2287,2287,470000,0.6382978723404256
2288,2288,468857,0.6382978723404256
2289,2289,470000,0.6382978723404256
2290,2290,470000,0.6382978723404256
2291,2291,466852,0.6382978723404256
2292,2292,466906,0.6382978723404256
2293,2293,468194,0.6382978723404256
2294,2294,470000,0.6382978723404256
2295,2295,470000,0.6382978723404256
2296,2296,470000,0.6382978723404256
2297,2297,470000,0.6382978723404256
2298,2298,470000,0.6382978723404256
2299,2299,468765,0.6382978723404256
2300,2300,470000,0.6382978723404256
2301,2301,470000,0.6382978723404256
2302,2302,470000,0.6382978723404256
2303,2303,470000,0.6382978723404256
2304,2304,467509,0.6382978723404256
2305,2305,468122,0.6382978723404256
2306,2306,462095,0.6382978723404256
2307,2307,469259,0.6382978723404256
2308,2308,470000,0.6382978723404256
2309,2309,470000,0.6382978723404256
2310,2310,467649,0.6382978723404256
2311,2311,470000,0.6382978723404256
2312,2312,470000,0.6382978723404256
2313,2313,468490,0.6382978723404256
2314,2314,470000,0.6382978723404256
2315,2315,470000,0.6382978723404256
2316,2316,470000,0.6382978723404256
2317,2317,466348,0.6382978723404256
2318,2318,469240,0.6382978723404256
2319,2319,469914,0.6382978723404256
2320,2320,469898,0.6382978723404256
2321,2321,470000,0.6382978723404256
2322,2322,466257,0.6382978723404256
2323,2323,467921,0.6382978723404256
2324,2324,470000,0.6382978723404256
2325,2325,468168,0.6382978723404256
2326,2326,459764,0.6382978723404256
2327,2327,470000,0.6382978723404256
2328,2328,468155,0.6382978723404256
2329,2329,470000,0.6382978723404256
2330,2330,469291,0.6382978723404256
2331,2331,470000,0.6382978723404256
2332,2332,470000,0.6382978723404256
2333,2333,470000,0.6382978723404256
2334,2334,470000,0.6382978723404256
2335,2335,468620,0.6170212765957447
2336,2336,469442,0.6170212765957447
2337,2337,470000,0.6170212765957447
2338,2338,466226,0.6170212765957447
2339,2339,469858,0.6170212765957447
2340,2340,470000,0.6170212765957447
2341,2341,470000,0.6170212765957447
2342,2342,466284,0.6170212765957447
2343,2343,467447,0.6170212765957447
2344,2344,469634,0.6170212765957447
2345,2345,470000,0.6170212765957447
2346,2346,469471,0.6170212765957447
2347,2347,470000,0.6170212765957447
2348,2348,470000,0.6170212765957447
2349,2349,470000,0.6170212765957447
2350,2350,466644,0.6170212765957447
2351,2351,470000,0.6170212765957447
2352,2352,468192,0.6170212765957447
2353,2353,469875,0.6170212765957447
2354,2354,470000,0.6170212765957447
2355,2355,467455,0.6170212765957447
2356,2356,468199,0.6170212765957447
2357,2357,470000,0.6170212765957447
2358,2358,469088,0.6170212765957447
2359,2359,467580,0.6170212765957447
2360,2360,469554,0.6170212765957447
2361,2361,468315,0.6170212765957447
2362,2362,468169,0.6170212765957447
2363,2363,466036,0.6170212765957447
2364,2364,470000,0.6170212765957447
2365,2365,467684,0.6170212765957447
2366,2366,467217,0.6170212765957447
2367,2367,470000,0.6170212765957447
2368,2368,470000,0.6170212765957447
2369,2369,470000,0.6170212765957447
2370,2370,470000,0.6170212765957447
2371,2371,469761,0.6170212765957447
2372,2372,468783,0.6170212765957447
2373,2373,470000,0.6170212765957447
2374,2374,470000,0.6170212765957447
2375,2375,470000,0.6170212765957447
2376,2376,470000,0.6170212765957447
2377,2377,470000,0.6170212765957447
2378,2378,470000,0.6170212765957447
2379,2379,468338,0.6170212765957447
2380,2380,470000,0.6170212765957447
2381,2381,465462,0.6170212765957447
2382,2382,469643,0.6170212765957447
2383,2383,470000,0.6170212765957447
2384,2384,468157,0.6170212765957447
2385,2385,469332,0.6170212765957447
2386,2386,470000,0.6170212765957447
2387,2387,470000,0.6170212765957447
2388,2388,469595,0.6170212765957447
2389,2389,470000,0.6170212765957447
2390,2390,469485,0.6170212765957447
2391,2391,467987,0.6170212765957447
2392,2392,468376,0.6170212765957447
2393,2393,469419,0.6170212765957447
2394,2394,468336,0.6170212765957447
2395,2395,466755,0.6170212765957447
2396,2396,467839,0.6170212765957447
2397,2397,470000,0.6170212765957447
2398,2398,470000,0.6170212765957447
2399,2399,470000,0.6170212765957447
2400,2400,470000,0.6170212765957447
2401,2401,467115,0.6170212765957447
2402,2402,467928,0.6170212765957447
2403,2403,470000,0.6170212765957447
2404,2404,468449,0.6170212765957447
2405,2405,469864,0.6170212765957447
2406,2406,465433,0.6170212765957447
2407,2407,470000,0.6170212765957447
2408,2408,468367,0.6170212765957447
2409,2409,469291,0.6170212765957447
2410,2410,469939,0.6170212765957447
2411,2411,469317,0.6170212765957447
2412,2412,470000,0.6170212765957447
2413,2413,470000,0.6170212765957447
2414,2414,469756,0.6170212765957447
2415,2415,467354,0.6170212765957447
2416,2416,469734,0.6170212765957447
2417,2417,467785,0.6170212765957447
2418,2418,469119,0.6170212765957447
2419,2419,466956,0.6170212765957447
2420,2420,470000,0.6170212765957447
2421,2421,470000,0.6170212765957447
2422,2422,470000,0.6170212765957447
2423,2423,469361,0.6170212765957447
2424,2424,470000,0.6170212765957447
2425,2425,469739,0.6170212765957447
2426,2426,469722,0.6170212765957447
2427,2427,468096,0.6170212765957447
2428,2428,470000,0.6170212765957447
2429,2429,468482,0.5957446808510638
2430,2430,470000,0.5957446808510638
2431,2431,466463,0.5957446808510638
2432,2432,467885,0.5957446808510638
2433,2433,470000,0.5957446808510638
2434,2434,466426,0.5957446808510638
2435,2435,469420,0.5957446808510638
2436,2436,469470,0.5957446808510638
2437,2437,470000,0.5957446808510638
2438,2438,467376,0.5957446808510638
2439,2439,469620,0.5957446808510638
2440,2440,468884,0.5957446808510638
2441,2441,470000,0.5957446808510638
2442,2442,466166,0.5957446808510638
2443,2443,468120,0.5957446808510638
2444,2444,468750,0.5957446808510638
2445,2445,463488,0.5957446808510638
2446,2446,467544,0.5957446808510638
2447,2447,470000,0.5957446808510638
2448,2448,470000,0.5957446808510638
2449,2449,470000,0.5957446808510638
2450,2450,462186,0.5957446808510638
2451,2451,468413,0.5957446808510638
2452,2452,470000,0.5957446808510638
2453,2453,470000,0.5957446808510638
2454,2454,470000,0.5957446808510638
2455,2455,468291,0.5957446808510638
2456,2456,468561,0.5957446808510638
2457,2457,468311,0.5957446808510638
2458,2458,469464,0.5957446808510638
2459,2459,470000,0.5957446808510638
2460,2460,470000,0.5957446808510638
2461,2461,470000,0.5957446808510638
2462,2462,470000,0.5957446808510638
2463,2463,468942,0.5957446808510638
2464,2464,467681,0.5957446808510638
2465,2465,469484,0.5957446808510638
2466,2466,467694,0.5957446808510638
2467,2467,470000,0.5957446808510638
2468,2468,465325,0.5957446808510638
2469,2469,469064,0.5957446808510638
2470,2470,469380,0.5957446808510638
2471,2471,468903,0.5957446808510638
2472,2472,470000,0.5957446808510638
2473,2473,469309,0.5957446808510638
2474,2474,469023,0.5957446808510638
2475,2475,467567,0.5957446808510638
2476,2476,469601,0.5957446808510638
2477,2477,468890,0.5957446808510638
2478,2478,470000,0.5957446808510638
2479,2479,470000,0.5957446808510638
2480,2480,468717,0.5957446808510638
2481,2481,469695,0.5957446808510638
2482,2482,465662,0.5957446808510638
2483,2483,466890,0.5957446808510638
2484,2484,470000,0.5957446808510638
2485,2485,465403,0.5957446808510638
2486,2486,469945,0.5957446808510638
2487,2487,469275,0.5957446808510638
2488,2488,468901,0.5957446808510638
2489,2489,467172,0.5957446808510638
2490,2490,469744,0.5957446808510638
2491,2491,467780,0.5957446808510638
2492,2492,470000,0.5957446808510638
2493,2493,466078,0.5957446808510638
2494,2494,467010,0.5957446808510638
2495,2495,470000,0.5957446808510638
2496,2496,469699,0.5957446808510638
2497,2497,465953,0.5957446808510638
2498,2498,470000,0.5957446808510638
2499,2499,467950,0.5957446808510638
2500,2500,468655,0.5957446808510638
2501,2501,468611,0.5957446808510638
2502,2502,469348,0.5957446808510638
2503,2503,467549,0.5957446808510638
2504,2504,468476,0.5957446808510638
2505,2505,465020,0.5957446808510638
2506,2506,468882,0.5957446808510638
2507,2507,469624,0.5957446808510638
2508,2508,468941,0.5957446808510638
2509,2509,469327,0.5957446808510638
2510,2510,468368,0.5957446808510638
2511,2511,470000,0.5957446808510638
2512,2512,468446,0.5957446808510638
2513,2513,469111,0.5957446808510638
2514,2514,470000,0.5957446808510638
2515,2515,470000,0.5957446808510638
2516,2516,470000,0.5957446808510638
2517,2517,468045,0.5957446808510638
2518,2518,470000,0.5957446808510638
2519,2519,467460,0.5957446808510638
2520,2520,470000,0.5957446808510638
2521,2521,466944,0.5957446808510638
2522,2522,470000,0.574468085106383
2523,2523,469001,0.574468085106383
2524,2524,470000,0.574468085106383
2525,2525,469644,0.574468085106383
2526,2526,469436,0.574468085106383
2527,2527,467555,0.574468085106383
2528,2528,467145,0.574468085106383
2529,2529,468489,0.574468085106383
2530,2530,470000,0.574468085106383
2531,2531,468817,0.574468085106383
2532,2532,470000,0.574468085106383
2533,2533,470000,0.574468085106383
2534,2534,467728,0.574468085106383
2535,2535,461877,0.574468085106383
2536,2536,470000,0.574468085106383
2537,2537,465151,0.574468085106383
2538,2538,469430,0.574468085106383
2539,2539,467567,0.574468085106383
2540,2540,469262,0.574468085106383
2541,2541,470000,0.574468085106383
2542,2542,470000,0.574468085106383
2543,2543,470000,0.574468085106383
2544,2544,470000,0.574468085106383
2545,2545,470000,0.574468085106383
2546,2546,469513,0.574468085106383
2547,2547,469365,0.574468085106383
2548,2548,470000,0.574468085106383
2549,2549,470000,0.574468085106383
2550,2550,470000,0.574468085106383
2551,2551,465883,0.574468085106383
2552,2552,469324,0.574468085106383
2553,2553,467155,0.574468085106383
2554,2554,468161,0.574468085106383
2555,2555,470000,0.574468085106383
2556,2556,469858,0.574468085106383
2557,2557,469536,0.574468085106383
2558,2558,468128,0.574468085106383
2559,2559,468763,0.574468085106383
2560,2560,470000,0.574468085106383
2561,2561,467168,0.574468085106383
2562,2562,464475,0.574468085106383
2563,2563,470000,0.574468085106383
2564,2564,469180,0.574468085106383
2565,2565,470000,0.574468085106383
2566,2566,470000,0.574468085106383
2567,2567,470000,0.574468085106383
2568,2568,467199,0.574468085106383
2569,2569,467870,0.574468085106383
2570,2570,470000,0.574468085106383
2571,2571,470000,0.574468085106383
2572,2572,467714,0.574468085106383
2573,2573,467771,0.574468085106383
2574,2574,470000,0.574468085106383
2575,2575,470000,0.574468085106383
2576,2576,470000,0.574468085106383
2577,2577,470000,0.574468085106383
2578,2578,467215,0.574468085106383
2579,2579,470000,0.574468085106383
2580,2580,465886,0.574468085106383
2581,2581,468835,0.574468085106383
2582,2582,469829,0.574468085106383
2583,2583,466520,0.574468085106383
2584,2584,469411,0.574468085106383
2585,2585,470000,0.574468085106383
2586,2586,467765,0.574468085106383
2587,2587,468880,0.574468085106383
2588,2588,470000,0.574468085106383
2589,2589,470000,0.574468085106383
2590,2590,469677,0.574468085106383
2591,2591,464121,0.574468085106383
2592,2592,467071,0.574468085106383
2593,2593,468345,0.574468085106383
2594,2594,468476,0.574468085106383
2595,2595,470000,0.574468085106383
2596,2596,467799,0.574468085106383
2597,2597,469873,0.574468085106383
2598,2598,466053,0.574468085106383
2599,2599,465452,0.574468085106383
2600,2600,470000,0.574468085106383
2601,2601,469278,0.574468085106383
2602,2602,469018,0.574468085106383
2603,2603,470000,0.574468085106383
2604,2604,468227,0.574468085106383
2605,2605,468208,0.574468085106383
2606,2606,468786,0.574468085106383
2607,2607,468536,0.574468085106383
2608,2608,469647,0.574468085106383
2609,2609,465304,0.574468085106383
2610,2610,469013,0.574468085106383
2611,2611,469033,0.574468085106383
2612,2612,470000,0.574468085106383
2613,2613,470000,0.574468085106383
2614,2614,470000,0.574468085106383
2615,2615,462114,0.574468085106383
2616,2616,469813,0.574468085106383
2617,2617,470000,0.574468085106383
2618,2618,466613,0.574468085106383
2619,2619,470000,0.574468085106383
2620,2620,470000,0.574468085106383
2621,2621,470000,0.5531914893617021
2622,2622,470000,0.5531914893617021
2623,2623,464439,0.5531914893617021
2624,2624,469381,0.5531914893617021
2625,2625,470000,0.5531914893617021
2626,2626,467844,0.5531914893617021
2627,2627,470000,0.5531914893617021
2628,2628,470000,0.5531914893617021
2629,2629,470000,0.5531914893617021
2630,2630,469245,0.5531914893617021
2631,2631,470000,0.5531914893617021
2632,2632,468588,0.5531914893617021
2633,2633,468544,0.5531914893617021
2634,2634,470000,0.5531914893617021
2635,2635,470000,0.5531914893617021
2636,2636,466761,0.5531914893617021
2637,2637,468313,0.5531914893617021
2638,2638,466450,0.5531914893617021
2639,2639,470000,0.5531914893617021
2640,2640,469507,0.5531914893617021
2641,2641,470000,0.5531914893617021
2642,2642,469135,0.5531914893617021
2643,2643,469313,0.5531914893617021
2644,2644,470000,0.5531914893617021
2645,2645,469466,0.5531914893617021
2646,2646,468790,0.5531914893617021
2647,2647,470000,0.5531914893617021
2648,2648,466231,0.5531914893617021
2649,2649,468143,0.5531914893617021
2650,2650,468385,0.5531914893617021
2651,2651,470000,0.5531914893617021
2652,2652,470000,0.5531914893617021
2653,2653,467783,0.5531914893617021
2654,2654,470000,0.5531914893617021
2655,2655,470000,0.5531914893617021
2656,2656,470000,0.5531914893617021
2657,2657,470000,0.5531914893617021
2658,2658,469255,0.5531914893617021
2659,2659,470000,0.5531914893617021
2660,2660,465293,0.5531914893617021
2661,2661,467744,0.5531914893617021
2662,2662,470000,0.5531914893617021
2663,2663,468671,0.5531914893617021
2664,2664,469545,0.5531914893617021
2665,2665,464198,0.5531914893617021
2666,2666,470000,0.5531914893617021
2667,2667,469360,0.5531914893617021
2668,2668,469172,0.5531914893617021
2669,2669,468432,0.5531914893617021
2670,2670,468326,0.5531914893617021
2671,2671,469286,0.5531914893617021
2672,2672,470000,0.5531914893617021
2673,2673,463010,0.5531914893617021
2674,2674,468304,0.5531914893617021
2675,2675,470000,0.5531914893617021
2676,2676,470000,0.5531914893617021
2677,2677,470000,0.5531914893617021
2678,2678,470000,0.5531914893617021
2679,2679,470000,0.5531914893617021
2680,2680,470000,0.5531914893617021
2681,2681,468872,0.5531914893617021
2682,2682,467358,0.5531914893617021
2683,2683,469819,0.5531914893617021
2684,2684,468355,0.5531914893617021
2685,2685,470000,0.5531914893617021
2686,2686,466148,0.5531914893617021
2687,2687,466087,0.5531914893617021
2688,2688,470000,0.5531914893617021
2689,2689,467019,0.5531914893617021
2690,2690,468122,0.5531914893617021
2691,2691,469111,0.5531914893617021
2692,2692,468212,0.5531914893617021
2693,2693,470000,0.5531914893617021
2694,2694,467499,0.5531914893617021
2695,2695,467685,0.5531914893617021
2696,2696,470000,0.5531914893617021
2697,2697,466759,0.5531914893617021
2698,2698,470000,0.5531914893617021
2699,2699,470000,0.5531914893617021
2700,2700,469914,0.5531914893617021
2701,2701,469725,0.5531914893617021
2702,2702,470000,0.5531914893617021
2703,2703,466902,0.5531914893617021
2704,2704,470000,0.5531914893617021
2705,2705,465946,0.5531914893617021
2706,2706,470000,0.5531914893617021
2707,2707,467900,0.5531914893617021
2708,2708,468235,0.5531914893617021
2709,2709,466413,0.5531914893617021
2710,2710,465723,0.5531914893617021
2711,2711,470000,0.5531914893617021
2712,2712,469316,0.5531914893617021
2713,2713,469758,0.5531914893617021
2714,2714,468463,0.5531914893617021
2715,2715,467668,0.5531914893617021
2716,2716,470000,0.5531914893617021
2717,2717,470000,0.5531914893617021
2718,2718,466632,0.5531914893617021
2719,2719,468588,0.5531914893617021
2720,2720,468460,0.5531914893617021
2721,2721,468808,0.5319148936170213
2722,2722,470000,0.5319148936170213
2723,2723,470000,0.5319148936170213
2724,2724,469187,0.5319148936170213
2725,2725,468214,0.5319148936170213
2726,2726,468871,0.5319148936170213
2727,2727,466875,0.5319148936170213
2728,2728,466928,0.5319148936170213
2729,2729,468540,0.5319148936170213
2730,2730,468966,0.5319148936170213
2731,2731,470000,0.5319148936170213
2732,2732,470000,0.5319148936170213
2733,2733,470000,0.5319148936170213
2734,2734,468102,0.5319148936170213
2735,2735,468903,0.5319148936170213
2736,2736,470000,0.5319148936170213
2737,2737,462396,0.5319148936170213
2738,2738,470000,0.5319148936170213
2739,2739,470000,0.5319148936170213
2740,2740,467769,0.5319148936170213
2741,2741,470000,0.5319148936170213
2742,2742,463413,0.5319148936170213
2743,2743,467010,0.5319148936170213
2744,2744,468201,0.5319148936170213
2745,2745,467667,0.5319148936170213
2746,2746,466974,0.5319148936170213
2747,2747,468648,0.5319148936170213
2748,2748,468773,0.5319148936170213
2749,2749,468301,0.5319148936170213
2750,2750,469461,0.5319148936170213
2751,2751,470000,0.5319148936170213
2752,2752,467649,0.5319148936170213
2753,2753,468680,0.5319148936170213
2754,2754,466328,0.5319148936170213
2755,2755,468469,0.5319148936170213
2756,2756,470000,0.5319148936170213
2757,2757,469390,0.5319148936170213
2758,2758,470000,0.5319148936170213
2759,2759,467696,0.5319148936170213
2760,2760,467444,0.5319148936170213
2761,2761,470000,0.5319148936170213
2762,2762,468929,0.5319148936170213
2763,2763,468559,0.5319148936170213
2764,2764,468907,0.5319148936170213
2765,2765,466357,0.5319148936170213
2766,2766,470000,0.5319148936170213
2767,2767,470000,0.5319148936170213
2768,2768,470000,0.5319148936170213
2769,2769,469287,0.5319148936170213
2770,2770,468104,0.5319148936170213
2771,2771,468394,0.5319148936170213
2772,2772,466873,0.5319148936170213
2773,2773,469921,0.5319148936170213
2774,2774,470000,0.5319148936170213
2775,2775,470000,0.5319148936170213
2776,2776,470000,0.5319148936170213
2777,2777,470000,0.5319148936170213
2778,2778,470000,0.5319148936170213
2779,2779,468415,0.5319148936170213
2780,2780,470000,0.5319148936170213
2781,2781,470000,0.5319148936170213
2782,2782,470000,0.5319148936170213
2783,2783,463087,0.5319148936170213
2784,2784,470000,0.5319148936170213
2785,2785,469032,0.5319148936170213
2786,2786,467219,0.5319148936170213
2787,2787,470000,0.5319148936170213
2788,2788,466927,0.5319148936170213
2789,2789,468450,0.5319148936170213
2790,2790,469491,0.5319148936170213
2791,2791,469026,0.5319148936170213
2792,2792,469683,0.5319148936170213
2793,2793,468849,0.5319148936170213
2794,2794,470000,0.5319148936170213
2795,2795,467115,0.5319148936170213
2796,2796,468569,0.5319148936170213
2797,2797,470000,0.5319148936170213
2798,2798,470000,0.5106382978723404
2799,2799,470000,0.5106382978723404
2800,2800,467553,0.5106382978723404
2801,2801,470000,0.5106382978723404
2802,2802,468565,0.5106382978723404
2803,2803,469595,0.5106382978723404
2804,2804,469024,0.5106382978723404
2805,2805,470000,0.5106382978723404
2806,2806,464436,0.5106382978723404
2807,2807,468347,0.5106382978723404
2808,2808,470000,0.5106382978723404
2809,2809,470000,0.5106382978723404
2810,2810,470000,0.5106382978723404
2811,2811,468179,0.5106382978723404
2812,2812,468763,0.5106382978723404
2813,2813,470000,0.5106382978723404
2814,2814,470000,0.5106382978723404
2815,2815,470000,0.5106382978723404
2816,2816,466609,0.5106382978723404
2817,2817,467573,0.5106382978723404
2818,2818,466274,0.5106382978723404
2819,2819,470000,0.5106382978723404
2820,2820,470000,0.5106382978723404
2821,2821,468865,0.5106382978723404
2822,2822,467913,0.5106382978723404
2823,2823,469284,0.5106382978723404
2824,2824,469000,0.5106382978723404
2825,2825,469311,0.5106382978723404
2826,2826,470000,0.5106382978723404
2827,2827,470000,0.5106382978723404
2828,2828,467757,0.5106382978723404
2829,2829,467933,0.5106382978723404
2830,2830,469764,0.5106382978723404
2831,2831,470000,0.5106382978723404
2832,2832,466418,0.5106382978723404
2833,2833,470000,0.5106382978723404
2834,2834,469147,0.5106382978723404
2835,2835,469026,0.5106382978723404
2836,2836,469320,0.5106382978723404
2837,2837,470000,0.5106382978723404
2838,2838,465946,0.5106382978723404
2839,2839,470000,0.5106382978723404
2840,2840,467282,0.5106382978723404
2841,2841,470000,0.5106382978723404
2842,2842,469179,0.5106382978723404
2843,2843,469511,0.5106382978723404
2844,2844,469741,0.5106382978723404
2845,2845,460199,0.5106382978723404
2846,2846,461524,0.5106382978723404
2847,2847,470000,0.5106382978723404
2848,2848,457626,0.5106382978723404
2849,2849,456313,0.5106382978723404
2850,2850,452227,0.5106382978723404
2851,2851,433805,0.5106382978723404
2852,2852,470000,0.5106382978723404
2853,2853,470000,0.5106382978723404
2854,2854,470000,0.5106382978723404
2855,2855,456185,0.5106382978723404
2856,2856,470000,0.5106382978723404
2857,2857,470000,0.5106382978723404
2858,2858,452059,0.5106382978723404
2859,2859,453731,0.5106382978723404
2860,2860,457898,0.5106382978723404
2861,2861,456271,0.5106382978723404
2862,2862,470000,0.5106382978723404
2863,2863,466952,0.5106382978723404
2864,2864,460895,0.5106382978723404
2865,2865,454001,0.5106382978723404
2866,2866,470000,0.5106382978723404
2867,2867,461359,0.5106382978723404
2868,2868,451808,0.5106382978723404
2869,2869,458147,0.5106382978723404
2870,2870,469593,0.5106382978723404
2871,2871,462373,0.5106382978723404
2872,2872,461691,0.5106382978723404
2873,2873,461214,0.5106382978723404
2874,2874,466436,0.5106382978723404
2875,2875,470000,0.5106382978723404
2876,2876,460193,0.5106382978723404
2877,2877,460176,0.5106382978723404
2878,2878,470000,0.5106382978723404
2879,2879,469774,0.5106382978723404
2880,2880,461482,0.5106382978723404
2881,2881,470000,0.5106382978723404
2882,2882,455809,0.5106382978723404
2883,2883,459883,0.5106382978723404
2884,2884,469030,0.5106382978723404
2885,2885,458145,0.5106382978723404
2886,2886,455508,0.5106382978723404
2887,2887,448841,0.5106382978723404
2888,2888,458077,0.5106382978723404
2889,2889,453607,0.48936170212765956
2890,2890,459399,0.48936170212765956
2891,2891,457065,0.48936170212765956
2892,2892,470000,0.48936170212765956
2893,2893,452897,0.48936170212765956
2894,2894,470000,0.48936170212765956
2895,2895,470000,0.48936170212765956
2896,2896,470000,0.48936170212765956
2897,2897,457179,0.48936170212765956
2898,2898,470000,0.48936170212765956
2899,2899,454341,0.48936170212765956
2900,2900,454853,0.48936170212765956
2901,2901,457477,0.48936170212765956
2902,2902,454533,0.48936170212765956
2903,2903,470000,0.48936170212765956
2904,2904,466516,0.48936170212765956
2905,2905,450066,0.48936170212765956
2906,2906,454552,0.48936170212765956
2907,2907,467323,0.48936170212765956
2908,2908,470000,0.48936170212765956
2909,2909,462045,0.48936170212765956
2910,2910,443523,0.48936170212765956
2911,2911,450257,0.48936170212765956
2912,2912,453488,0.48936170212765956
2913,2913,470000,0.48936170212765956
2914,2914,470000,0.48936170212765956
2915,2915,469840,0.48936170212765956
2916,2916,458514,0.48936170212765956
2917,2917,452533,0.48936170212765956
2918,2918,468873,0.48936170212765956
2919,2919,459642,0.48936170212765956
2920,2920,462540,0.48936170212765956
2921,2921,470000,0.48936170212765956
2922,2922,456531,0.48936170212765956
2923,2923,456681,0.48936170212765956
2924,2924,462063,0.48936170212765956
2925,2925,470000,0.48936170212765956
2926,2926,461687,0.48936170212765956
2927,2927,470000,0.48936170212765956
2928,2928,462920,0.48936170212765956
2929,2929,470000,0.48936170212765956
2930,2930,470000,0.48936170212765956
2931,2931,467950,0.48936170212765956
2932,2932,449689,0.48936170212765956
2933,2933,463131,0.48936170212765956
2934,2934,459264,0.48936170212765956
2935,2935,470000,0.48936170212765956
2936,2936,458573,0.48936170212765956
2937,2937,456068,0.48936170212765956
2938,2938,470000,0.48936170212765956
2939,2939,457213,0.48936170212765956
2940,2940,446939,0.48936170212765956
2941,2941,453352,0.48936170212765956
2942,2942,459130,0.48936170212765956
2943,2943,470000,0.48936170212765956
2944,2944,467944,0.48936170212765956
2945,2945,463209,0.48936170212765956
2946,2946,470000,0.48936170212765956
2947,2947,448480,0.48936170212765956
2948,2948,470000,0.48936170212765956
2949,2949,453548,0.48936170212765956
2950,2950,470000,0.48936170212765956
2951,2951,459485,0.48936170212765956
2952,2952,453060,0.48936170212765956
2953,2953,470000,0.48936170212765956
2954,2954,470000,0.48936170212765956
2955,2955,447962,0.48936170212765956
2956,2956,470000,0.48936170212765956
2957,2957,447734,0.48936170212765956
2958,2958,462753,0.48936170212765956
2959,2959,470000,0.48936170212765956
2960,2960,459277,0.48936170212765956
2961,2961,455728,0.48936170212765956
2962,2962,463365,0.46808510638297873
2963,2963,450175,0.46808510638297873
2964,2964,459809,0.46808510638297873
2965,2965,456362,0.46808510638297873
2966,2966,470000,0.46808510638297873
2967,2967,461867,0.46808510638297873
2968,2968,464290,0.46808510638297873
2969,2969,461738,0.46808510638297873
2970,2970,462461,0.46808510638297873
2971,2971,452928,0.46808510638297873
2972,2972,470000,0.46808510638297873
2973,2973,459985,0.46808510638297873
2974,2974,463737,0.46808510638297873
2975,2975,470000,0.46808510638297873
2976,2976,448830,0.46808510638297873
2977,2977,459065,0.46808510638297873
2978,2978,461568,0.46808510638297873
2979,2979,470000,0.46808510638297873
2980,2980,456811,0.46808510638297873
2981,2981,462928,0.46808510638297873
2982,2982,467577,0.46808510638297873
2983,2983,470000,0.46808510638297873
2984,2984,451768,0.46808510638297873
2985,2985,470000,0.46808510638297873
2986,2986,461944,0.46808510638297873
2987,2987,470000,0.46808510638297873
2988,2988,470000,0.46808510638297873
2989,2989,455875,0.46808510638297873
2990,2990,450840,0.46808510638297873
2991,2991,455070,0.46808510638297873
2992,2992,455050,0.46808510638297873
2993,2993,457264,0.46808510638297873
2994,2994,470000,0.46808510638297873
2995,2995,470000,0.46808510638297873
2996,2996,461271,0.46808510638297873
2997,2997,457252,0.46808510638297873
2998,2998,457337,0.46808510638297873
2999,2999,458680,0.46808510638297873
3000,3000,470000,0.46808510638297873
3001,3001,461243,0.46808510638297873
3002,3002,458387,0.46808510638297873
3003,3003,452274,0.46808510638297873
3004,3004,470000,0.46808510638297873
3005,3005,444678,0.46808510638297873
3006,3006,470000,0.46808510638297873
3007,3007,466286,0.46808510638297873
3008,3008,456138,0.46808510638297873
3009,3009,467661,0.46808510638297873
3010,3010,470000,0.46808510638297873
3011,3011,456220,0.46808510638297873
3012,3012,463841,0.46808510638297873
3013,3013,459996,0.46808510638297873
3014,3014,461502,0.46808510638297873
3015,3015,470000,0.46808510638297873
3016,3016,457512,0.46808510638297873
3017,3017,457352,0.46808510638297873
3018,3018,453424,0.46808510638297873
3019,3019,470000,0.46808510638297873
3020,3020,459621,0.46808510638297873
3021,3021,459241,0.46808510638297873
3022,3022,458589,0.46808510638297873
3023,3023,463240,0.46808510638297873
3024,3024,459951,0.46808510638297873
3025,3025,455010,0.46808510638297873
3026,3026,455618,0.46808510638297873
3027,3027,454118,0.46808510638297873
3028,3028,453296,0.46808510638297873
3029,3029,465567,0.46808510638297873
3030,3030,466562,0.46808510638297873
3031,3031,459664,0.46808510638297873
3032,3032,450984,0.46808510638297873
3033,3033,455427,0.46808510638297873
3034,3034,470000,0.46808510638297873
3035,3035,461817,0.46808510638297873
3036,3036,459259,0.46808510638297873
3037,3037,459518,0.46808510638297873
3038,3038,453890,0.46808510638297873
3039,3039,459021,0.46808510638297873
3040,3040,470000,0.46808510638297873
3041,3041,463609,0.46808510638297873
3042,3042,453103,0.46808510638297873
3043,3043,459308,0.44680851063829785
3044,3044,460307,0.44680851063829785
3045,3045,466824,0.44680851063829785
3046,3046,450909,0.44680851063829785
3047,3047,455280,0.44680851063829785
3048,3048,470000,0.44680851063829785
3049,3049,470000,0.44680851063829785
3050,3050,460086,0.44680851063829785
3051,3051,449486,0.44680851063829785
3052,3052,463768,0.44680851063829785
3053,3053,451141,0.44680851063829785
3054,3054,450654,0.44680851063829785
3055,3055,463625,0.44680851063829785
3056,3056,470000,0.44680851063829785
3057,3057,448747,0.44680851063829785
3058,3058,454662,0.44680851063829785
3059,3059,464124,0.44680851063829785
3060,3060,470000,0.44680851063829785
3061,3061,470000,0.44680851063829785
3062,3062,470000,0.44680851063829785
3063,3063,459711,0.44680851063829785
3064,3064,453896,0.44680851063829785
3065,3065,460541,0.44680851063829785
3066,3066,464488,0.44680851063829785
3067,3067,470000,0.44680851063829785
3068,3068,457165,0.44680851063829785
3069,3069,468335,0.44680851063829785
3070,3070,461060,0.44680851063829785
3071,3071,469590,0.44680851063829785
3072,3072,470000,0.44680851063829785
3073,3073,463146,0.44680851063829785
3074,3074,460276,0.44680851063829785
3075,3075,458215,0.44680851063829785
3076,3076,453250,0.44680851063829785
3077,3077,470000,0.44680851063829785
3078,3078,460829,0.44680851063829785
3079,3079,452772,0.44680851063829785
3080,3080,470000,0.44680851063829785
3081,3081,454493,0.44680851063829785
3082,3082,457980,0.44680851063829785
3083,3083,470000,0.44680851063829785
3084,3084,470000,0.44680851063829785
3085,3085,470000,0.44680851063829785
3086,3086,466123,0.44680851063829785
3087,3087,456448,0.44680851063829785
3088,3088,459806,0.44680851063829785
3089,3089,450184,0.44680851063829785
3090,3090,464450,0.44680851063829785
3091,3091,461233,0.44680851063829785
3092,3092,461381,0.44680851063829785
3093,3093,460287,0.44680851063829785
3094,3094,451816,0.44680851063829785
3095,3095,456277,0.44680851063829785
3096,3096,454210,0.44680851063829785
3097,3097,470000,0.44680851063829785
3098,3098,469195,0.44680851063829785
3099,3099,470000,0.44680851063829785
3100,3100,470000,0.44680851063829785
3101,3101,454703,0.44680851063829785
3102,3102,470000,0.44680851063829785
3103,3103,453676,0.44680851063829785
3104,3104,454457,0.44680851063829785
3105,3105,450785,0.44680851063829785
3106,3106,458285,0.44680851063829785
3107,3107,464869,0.44680851063829785
3108,3108,453909,0.44680851063829785
3109,3109,461203,0.44680851063829785
3110,3110,452318,0.44680851063829785
3111,3111,454214,0.44680851063829785
3112,3112,460167,0.44680851063829785
3113,3113,463373,0.44680851063829785
3114,3114,437324,0.44680851063829785
3115,3115,464653,0.44680851063829785
3116,3116,470000,0.44680851063829785
3117,3117,456674,0.44680851063829785
3118,3118,462822,0.44680851063829785
3119,3119,470000,0.44680851063829785
3120,3120,470000,0.44680851063829785
3121,3121,462510,0.44680851063829785
3122,3122,462716,0.44680851063829785
3123,3123,465318,0.44680851063829785
3124,3124,461881,0.44680851063829785
3125,3125,460342,0.44680851063829785
3126,3126,461026,0.44680851063829785
3127,3127,449707,0.44680851063829785
3128,3128,463674,0.44680851063829785
3129,3129,441050,0.44680851063829785
3130,3130,470000,0.44680851063829785
3131,3131,462817,0.44680851063829785
3132,3132,470000,0.44680851063829785
3133,3133,461741,0.44680851063829785
3134,3134,470000,0.44680851063829785
3135,3135,457101,0.44680851063829785
3136,3136,462644,0.425531914893617
3137,3137,460540,0.425531914893617
3138,3138,470000,0.425531914893617
3139,3139,457152,0.425531914893617
3140,3140,455528,0.425531914893617
3141,3141,455780,0.425531914893617
3142,3142,470000,0.425531914893617
3143,3143,454899,0.425531914893617
3144,3144,463202,0.425531914893617
3145,3145,453932,0.425531914893617
3146,3146,470000,0.425531914893617
3147,3147,452953,0.425531914893617
3148,3148,449364,0.425531914893617
3149,3149,470000,0.425531914893617
3150,3150,459211,0.425531914893617
3151,3151,470000,0.425531914893617
3152,3152,470000,0.425531914893617
3153,3153,465946,0.425531914893617
3154,3154,457423,0.425531914893617
3155,3155,470000,0.425531914893617
3156,3156,459116,0.425531914893617
3157,3157,452575,0.425531914893617
3158,3158,454272,0.425531914893617
3159,3159,455857,0.425531914893617
3160,3160,451600,0.425531914893617
3161,3161,451342,0.425531914893617
3162,3162,470000,0.425531914893617
3163,3163,460506,0.425531914893617
3164,3164,449496,0.425531914893617
3165,3165,458818,0.425531914893617
3166,3166,457903,0.425531914893617
3167,3167,470000,0.425531914893617
3168,3168,459962,0.425531914893617
3169,3169,458095,0.425531914893617
3170,3170,463295,0.425531914893617
3171,3171,470000,0.425531914893617
3172,3172,464390,0.425531914893617
3173,3173,470000,0.425531914893617
3174,3174,459290,0.425531914893617
3175,3175,449456,0.425531914893617
3176,3176,470000,0.425531914893617
3177,3177,459324,0.425531914893617
3178,3178,446025,0.425531914893617
3179,3179,455077,0.425531914893617
3180,3180,466925,0.425531914893617
3181,3181,470000,0.425531914893617
3182,3182,464756,0.425531914893617
3183,3183,469472,0.425531914893617
3184,3184,470000,0.425531914893617
3185,3185,470000,0.425531914893617
3186,3186,470000,0.425531914893617
3187,3187,451387,0.425531914893617
3188,3188,470000,0.425531914893617
3189,3189,458572,0.425531914893617
3190,3190,444486,0.425531914893617
3191,3191,457036,0.425531914893617
3192,3192,470000,0.425531914893617
3193,3193,470000,0.425531914893617
3194,3194,465854,0.425531914893617
3195,3195,460134,0.425531914893617
3196,3196,459131,0.425531914893617
3197,3197,458352,0.425531914893617
3198,3198,449233,0.425531914893617
3199,3199,461613,0.425531914893617
3200,3200,460816,0.425531914893617
3201,3201,454538,0.425531914893617
3202,3202,448985,0.425531914893617
3203,3203,461613,0.425531914893617
3204,3204,470000,0.425531914893617
3205,3205,470000,0.425531914893617
3206,3206,460273,0.425531914893617
3207,3207,463443,0.425531914893617
3208,3208,470000,0.425531914893617
3209,3209,456791,0.425531914893617
3210,3210,457486,0.425531914893617
3211,3211,455242,0.425531914893617
3212,3212,454100,0.425531914893617
3213,3213,470000,0.425531914893617
3214,3214,470000,0.425531914893617
3215,3215,457638,0.425531914893617
3216,3216,470000,0.425531914893617
3217,3217,460192,0.425531914893617
3218,3218,450580,0.425531914893617
3219,3219,456573,0.40425531914893614
3220,3220,470000,0.40425531914893614
3221,3221,470000,0.40425531914893614
3222,3222,455470,0.40425531914893614
3223,3223,470000,0.40425531914893614
3224,3224,464027,0.40425531914893614
3225,3225,455312,0.40425531914893614
3226,3226,463551,0.40425531914893614
3227,3227,470000,0.40425531914893614
3228,3228,460724,0.40425531914893614
3229,3229,470000,0.40425531914893614
3230,3230,454291,0.40425531914893614
3231,3231,449429,0.40425531914893614
3232,3232,470000,0.40425531914893614
3233,3233,454307,0.40425531914893614
3234,3234,464583,0.40425531914893614
3235,3235,457648,0.40425531914893614
3236,3236,455904,0.40425531914893614
3237,3237,459916,0.40425531914893614
3238,3238,458016,0.40425531914893614
3239,3239,461695,0.40425531914893614
3240,3240,442758,0.40425531914893614
3241,3241,460750,0.40425531914893614
3242,3242,470000,0.40425531914893614
3243,3243,465157,0.40425531914893614
3244,3244,469180,0.40425531914893614
3245,3245,462803,0.40425531914893614
3246,3246,470000,0.40425531914893614
3247,3247,470000,0.40425531914893614
3248,3248,454621,0.40425531914893614
3249,3249,463081,0.40425531914893614
3250,3250,455825,0.40425531914893614
3251,3251,470000,0.40425531914893614
3252,3252,470000,0.40425531914893614
3253,3253,451508,0.40425531914893614
3254,3254,459851,0.40425531914893614
3255,3255,470000,0.40425531914893614
3256,3256,454214,0.40425531914893614
3257,3257,463626,0.40425531914893614
3258,3258,464496,0.40425531914893614
3259,3259,464735,0.40425531914893614
3260,3260,470000,0.40425531914893614
3261,3261,470000,0.40425531914893614
3262,3262,462069,0.40425531914893614
3263,3263,463961,0.40425531914893614
3264,3264,470000,0.40425531914893614
3265,3265,470000,0.40425531914893614
3266,3266,467776,0.40425531914893614
3267,3267,452285,0.40425531914893614
3268,3268,452908,0.40425531914893614
3269,3269,459528,0.40425531914893614
3270,3270,467253,0.40425531914893614
3271,3271,470000,0.40425531914893614
3272,3272,470000,0.40425531914893614
3273,3273,467045,0.40425531914893614
3274,3274,452321,0.40425531914893614
3275,3275,470000,0.40425531914893614
3276,3276,455361,0.40425531914893614
3277,3277,470000,0.40425531914893614
3278,3278,462340,0.40425531914893614
3279,3279,451684,0.40425531914893614
3280,3280,462077,0.40425531914893614
3281,3281,449927,0.40425531914893614
3282,3282,459618,0.40425531914893614
3283,3283,470000,0.40425531914893614
3284,3284,461466,0.40425531914893614
3285,3285,436118,0.40425531914893614
3286,3286,452907,0.40425531914893614
3287,3287,461513,0.40425531914893614
3288,3288,468341,0.40425531914893614
3289,3289,459614,0.40425531914893614
3290,3290,465248,0.40425531914893614
3291,3291,470000,0.40425531914893614
3292,3292,469496,0.40425531914893614
3293,3293,458248,0.40425531914893614
3294,3294,470000,0.40425531914893614
3295,3295,447314,0.40425531914893614
3296,3296,459046,0.40425531914893614
3297,3297,454363,0.40425531914893614
3298,3298,470000,0.40425531914893614
3299,3299,470000,0.40425531914893614
3300,3300,464358,0.40425531914893614
3301,3301,470000,0.40425531914893614
3302,3302,470000,0.40425531914893614
3303,3303,470000,0.40425531914893614
3304,3304,455814,0.40425531914893614
3305,3305,447849,0.40425531914893614
3306,3306,449060,0.40425531914893614
3307,3307,451745,0.40425531914893614
3308,3308,470000,0.40425531914893614
3309,3309,468744,0.40425531914893614
3310,3310,458229,0.40425531914893614
3311,3311,451103,0.40425531914893614
3312,3312,453567,0.40425531914893614
3313,3313,453669,0.40425531914893614
3314,3314,455858,0.40425531914893614
3315,3315,453535,0.40425531914893614
3316,3316,454440,0.40425531914893614
3317,3317,470000,0.40425531914893614
3318,3318,454329,0.3829787234042553
3319,3319,449522,0.3829787234042553
3320,3320,463941,0.3829787234042553
3321,3321,456435,0.3829787234042553
3322,3322,463328,0.3829787234042553
3323,3323,462054,0.3829787234042553
3324,3324,459118,0.3829787234042553
3325,3325,462579,0.3829787234042553
3326,3326,465373,0.3829787234042553
3327,3327,470000,0.3829787234042553
3328,3328,462780,0.3829787234042553
3329,3329,448006,0.3829787234042553
3330,3330,458936,0.3829787234042553
3331,3331,439174,0.3829787234042553
3332,3332,458138,0.3829787234042553
3333,3333,460981,0.3829787234042553
3334,3334,470000,0.3829787234042553
3335,3335,461688,0.3829787234042553
3336,3336,457617,0.3829787234042553
3337,3337,470000,0.3829787234042553
3338,3338,470000,0.3829787234042553
3339,3339,459915,0.3829787234042553
3340,3340,452328,0.3829787234042553
3341,3341,455042,0.3829787234042553
3342,3342,470000,0.3829787234042553
3343,3343,470000,0.3829787234042553
3344,3344,458617,0.3829787234042553
3345,3345,470000,0.3829787234042553
3346,3346,463949,0.3829787234042553
3347,3347,447980,0.3829787234042553
3348,3348,460605,0.3829787234042553
3349,3349,470000,0.3829787234042553
3350,3350,458629,0.3829787234042553
3351,3351,470000,0.3829787234042553
3352,3352,455223,0.3829787234042553
3353,3353,465869,0.3829787234042553
3354,3354,470000,0.3829787234042553
3355,3355,470000,0.3829787234042553
3356,3356,457524,0.3829787234042553
3357,3357,470000,0.3829787234042553
3358,3358,470000,0.3829787234042553
3359,3359,461630,0.3829787234042553
3360,3360,469807,0.3829787234042553
3361,3361,459414,0.3829787234042553
3362,3362,449389,0.3829787234042553
3363,3363,470000,0.3829787234042553
3364,3364,470000,0.3829787234042553
3365,3365,457800,0.3829787234042553
3366,3366,456558,0.3829787234042553
3367,3367,449705,0.3829787234042553
3368,3368,455409,0.3829787234042553
3369,3369,462253,0.3829787234042553
3370,3370,458044,0.3829787234042553
3371,3371,456716,0.3829787234042553
3372,3372,449015,0.3829787234042553
3373,3373,448867,0.3829787234042553
3374,3374,470000,0.3829787234042553
3375,3375,458655,0.3829787234042553
3376,3376,470000,0.3829787234042553
3377,3377,453680,0.3829787234042553
3378,3378,470000,0.3829787234042553
3379,3379,470000,0.3829787234042553
3380,3380,470000,0.3829787234042553
3381,3381,470000,0.3829787234042553
3382,3382,470000,0.3829787234042553
3383,3383,450878,0.3829787234042553
3384,3384,459388,0.3829787234042553
3385,3385,457985,0.3829787234042553
3386,3386,462089,0.3829787234042553
3387,3387,470000,0.3829787234042553
3388,3388,470000,0.3829787234042553
3389,3389,458330,0.3829787234042553
3390,3390,456074,0.3829787234042553
3391,3391,451617,0.3829787234042553
3392,3392,470000,0.3829787234042553
3393,3393,457033,0.3829787234042553
3394,3394,457926,0.3829787234042553
3395,3395,457841,0.3829787234042553
3396,3396,466324,0.3829787234042553
3397,3397,455924,0.3829787234042553
3398,3398,460255,0.3617021276595745
3399,3399,470000,0.3617021276595745
3400,3400,449852,0.3617021276595745
3401,3401,456271,0.3617021276595745
3402,3402,470000,0.3617021276595745
3403,3403,467339,0.3617021276595745
3404,3404,470000,0.3617021276595745
3405,3405,465227,0.3617021276595745
3406,3406,460221,0.3617021276595745
3407,3407,453810,0.3617021276595745
3408,3408,455967,0.3617021276595745
3409,3409,466364,0.3617021276595745
3410,3410,463952,0.3617021276595745
3411,3411,453974,0.3617021276595745
3412,3412,463524,0.3617021276595745
3413,3413,463280,0.3617021276595745
3414,3414,470000,0.3617021276595745
3415,3415,445387,0.3617021276595745
3416,3416,448817,0.3617021276595745
3417,3417,464615,0.3617021276595745
3418,3418,469648,0.3617021276595745
3419,3419,454495,0.3617021276595745
3420,3420,465015,0.3617021276595745
3421,3421,470000,0.3617021276595745
3422,3422,470000,0.3617021276595745
3423,3423,470000,0.3617021276595745
3424,3424,450021,0.3617021276595745
3425,3425,452659,0.3617021276595745
3426,3426,458909,0.3617021276595745
3427,3427,464135,0.3617021276595745
3428,3428,467289,0.3617021276595745
3429,3429,470000,0.3617021276595745
3430,3430,463970,0.3617021276595745
3431,3431,469738,0.3617021276595745
3432,3432,466931,0.3617021276595745
3433,3433,458968,0.3617021276595745
3434,3434,470000,0.3617021276595745
3435,3435,443745,0.3617021276595745
3436,3436,453094,0.3617021276595745
3437,3437,463060,0.3617021276595745
3438,3438,465861,0.3617021276595745
3439,3439,454852,0.3617021276595745
3440,3440,464201,0.3617021276595745
3441,3441,445323,0.3617021276595745
3442,3442,462731,0.3617021276595745
3443,3443,456331,0.3617021276595745
3444,3444,454919,0.3617021276595745
3445,3445,470000,0.3617021276595745
3446,3446,448069,0.3617021276595745
3447,3447,459081,0.3617021276595745
3448,3448,464455,0.3617021276595745
3449,3449,456711,0.3617021276595745
3450,3450,455465,0.3617021276595745
3451,3451,452015,0.3617021276595745
3452,3452,455882,0.3617021276595745
3453,3453,470000,0.3617021276595745
3454,3454,453236,0.3617021276595745
3455,3455,455714,0.3617021276595745
3456,3456,470000,0.3617021276595745
3457,3457,458723,0.3617021276595745
3458,3458,452042,0.3617021276595745
3459,3459,470000,0.3617021276595745
3460,3460,456451,0.3617021276595745
3461,3461,448744,0.3617021276595745
3462,3462,470000,0.3617021276595745
3463,3463,457249,0.3617021276595745
3464,3464,450853,0.3617021276595745
3465,3465,470000,0.3617021276595745
3466,3466,453882,0.3404255319148936
3467,3467,459166,0.3404255319148936
3468,3468,455700,0.3404255319148936
3469,3469,470000,0.3404255319148936
3470,3470,469455,0.3404255319148936
3471,3471,458085,0.3404255319148936
3472,3472,454974,0.3404255319148936
3473,3473,465596,0.3404255319148936
3474,3474,462056,0.3404255319148936
3475,3475,459163,0.3404255319148936
3476,3476,459102,0.3404255319148936
3477,3477,470000,0.3404255319148936
3478,3478,453479,0.3404255319148936
3479,3479,460590,0.3404255319148936
3480,3480,465552,0.3404255319148936
3481,3481,470000,0.3404255319148936
3482,3482,454367,0.3404255319148936
3483,3483,470000,0.3404255319148936
3484,3484,461098,0.3404255319148936
3485,3485,470000,0.3404255319148936
3486,3486,470000,0.3404255319148936
3487,3487,460333,0.3404255319148936
3488,3488,452538,0.3404255319148936
3489,3489,457495,0.3404255319148936
3490,3490,453762,0.3404255319148936
3491,3491,470000,0.3404255319148936
3492,3492,442661,0.3404255319148936
3493,3493,454904,0.3404255319148936
3494,3494,456971,0.3404255319148936
3495,3495,470000,0.3404255319148936
3496,3496,456762,0.3404255319148936
3497,3497,470000,0.3404255319148936
3498,3498,470000,0.3404255319148936
3499,3499,470000,0.3404255319148936
3500,3500,463594,0.3404255319148936
3501,3501,452762,0.3404255319148936
3502,3502,470000,0.3404255319148936
3503,3503,460638,0.3404255319148936
3504,3504,470000,0.3404255319148936
3505,3505,451714,0.3404255319148936
3506,3506,453630,0.3404255319148936
3507,3507,470000,0.3404255319148936
3508,3508,458441,0.3404255319148936
3509,3509,469655,0.3404255319148936
3510,3510,457954,0.3404255319148936
3511,3511,468937,0.3404255319148936
3512,3512,443370,0.3404255319148936
3513,3513,470000,0.3404255319148936
3514,3514,470000,0.3404255319148936
3515,3515,470000,0.3404255319148936
3516,3516,458672,0.3404255319148936
3517,3517,470000,0.3404255319148936
3518,3518,470000,0.3404255319148936
3519,3519,470000,0.3404255319148936
3520,3520,450794,0.3404255319148936
3521,3521,470000,0.3404255319148936
3522,3522,459803,0.3404255319148936
3523,3523,458376,0.3404255319148936
3524,3524,454189,0.3404255319148936
3525,3525,456913,0.3404255319148936
3526,3526,453601,0.3404255319148936
3527,3527,460144,0.3404255319148936
3528,3528,446811,0.3404255319148936
3529,3529,470000,0.3404255319148936
3530,3530,469602,0.3404255319148936
3531,3531,465181,0.3404255319148936
3532,3532,455419,0.3404255319148936
3533,3533,459586,0.3404255319148936
3534,3534,461587,0.3404255319148936
3535,3535,451523,0.3191489361702128
3536,3536,470000,0.3191489361702128
3537,3537,461054,0.3191489361702128
3538,3538,465220,0.3191489361702128
3539,3539,464844,0.3191489361702128
3540,3540,469505,0.3191489361702128
3541,3541,470000,0.3191489361702128
3542,3542,464045,0.3191489361702128
3543,3543,443660,0.3191489361702128
3544,3544,455614,0.3191489361702128
3545,3545,464140,0.3191489361702128
3546,3546,447624,0.3191489361702128
3547,3547,447883,0.3191489361702128
3548,3548,439355,0.3191489361702128
3549,3549,460760,0.3191489361702128
3550,3550,465178,0.3191489361702128
3551,3551,459868,0.3191489361702128
3552,3552,466029,0.3191489361702128
3553,3553,457107,0.3191489361702128
3554,3554,469356,0.3191489361702128
3555,3555,463841,0.3191489361702128
3556,3556,451132,0.3191489361702128
3557,3557,470000,0.3191489361702128
3558,3558,456752,0.3191489361702128
3559,3559,459093,0.3191489361702128
3560,3560,456363,0.3191489361702128
3561,3561,456930,0.3191489361702128
3562,3562,470000,0.3191489361702128
3563,3563,449638,0.3191489361702128
3564,3564,470000,0.3191489361702128
3565,3565,463051,0.3191489361702128
3566,3566,458791,0.3191489361702128
3567,3567,469313,0.3191489361702128
3568,3568,461146,0.3191489361702128
3569,3569,447376,0.3191489361702128
3570,3570,457688,0.3191489361702128
3571,3571,450613,0.3191489361702128
3572,3572,449955,0.3191489361702128
3573,3573,456312,0.3191489361702128
3574,3574,470000,0.3191489361702128
3575,3575,470000,0.3191489361702128
3576,3576,460935,0.3191489361702128
3577,3577,470000,0.3191489361702128
3578,3578,458534,0.3191489361702128
3579,3579,458190,0.3191489361702128
3580,3580,467889,0.3191489361702128
3581,3581,464101,0.3191489361702128
3582,3582,448552,0.3191489361702128
3583,3583,453119,0.3191489361702128
3584,3584,470000,0.3191489361702128
3585,3585,470000,0.3191489361702128
3586,3586,453862,0.3191489361702128
3587,3587,452582,0.3191489361702128
3588,3588,454718,0.3191489361702128
3589,3589,470000,0.3191489361702128
3590,3590,453121,0.3191489361702128
3591,3591,459024,0.3191489361702128
3592,3592,462068,0.2978723404255319
3593,3593,458216,0.2978723404255319
3594,3594,460914,0.2978723404255319
3595,3595,470000,0.2978723404255319
3596,3596,470000,0.2978723404255319
3597,3597,468235,0.2978723404255319
3598,3598,467096,0.2978723404255319
3599,3599,469353,0.2978723404255319
3600,3600,461597,0.2978723404255319
3601,3601,463375,0.2978723404255319
3602,3602,470000,0.2978723404255319
3603,3603,452598,0.2978723404255319
3604,3604,458767,0.2978723404255319
3605,3605,444899,0.2978723404255319
3606,3606,459085,0.2978723404255319
3607,3607,469843,0.2978723404255319
3608,3608,458393,0.2978723404255319
3609,3609,462681,0.2978723404255319
3610,3610,454640,0.2978723404255319
3611,3611,458799,0.2978723404255319
3612,3612,458499,0.2978723404255319
3613,3613,470000,0.2978723404255319
3614,3614,445129,0.2978723404255319
3615,3615,457848,0.2978723404255319
3616,3616,463368,0.2978723404255319
3617,3617,469634,0.2978723404255319
3618,3618,469394,0.2978723404255319
3619,3619,452121,0.2978723404255319
3620,3620,456998,0.2978723404255319
3621,3621,460199,0.2978723404255319
3622,3622,454158,0.2978723404255319
3623,3623,460331,0.2978723404255319
3624,3624,454471,0.2978723404255319
3625,3625,465455,0.2978723404255319
3626,3626,463220,0.2978723404255319
3627,3627,452264,0.2978723404255319
3628,3628,462475,0.2978723404255319
3629,3629,458940,0.2978723404255319
3630,3630,470000,0.2978723404255319
3631,3631,448871,0.2978723404255319
3632,3632,470000,0.2978723404255319
3633,3633,463078,0.2978723404255319
3634,3634,470000,0.2978723404255319
3635,3635,459080,0.2978723404255319
3636,3636,459552,0.2978723404255319
3637,3637,461514,0.2978723404255319
3638,3638,454955,0.2978723404255319
3639,3639,458835,0.2978723404255319
3640,3640,460412,0.2978723404255319
3641,3641,470000,0.2978723404255319
3642,3642,470000,0.2978723404255319
3643,3643,468178,0.2978723404255319
3644,3644,460845,0.2978723404255319
3645,3645,470000,0.2978723404255319
3646,3646,470000,0.2978723404255319
3647,3647,465570,0.2978723404255319
3648,3648,469584,0.2978723404255319
3649,3649,470000,0.2765957446808511
3650,3650,462295,0.2765957446808511
3651,3651,450328,0.2765957446808511
3652,3652,470000,0.2765957446808511
3653,3653,470000,0.2765957446808511
3654,3654,454267,0.2765957446808511
3655,3655,470000,0.2765957446808511
3656,3656,465310,0.2765957446808511
3657,3657,449626,0.2765957446808511
3658,3658,460853,0.2765957446808511
3659,3659,455124,0.2765957446808511
3660,3660,459122,0.2765957446808511
3661,3661,470000,0.2765957446808511
3662,3662,453190,0.2765957446808511
3663,3663,464232,0.2765957446808511
3664,3664,470000,0.2765957446808511
3665,3665,470000,0.2765957446808511
3666,3666,456385,0.2765957446808511
3667,3667,465704,0.2765957446808511
3668,3668,452969,0.2765957446808511
3669,3669,453280,0.2765957446808511
3670,3670,457996,0.2765957446808511
3671,3671,470000,0.2765957446808511
3672,3672,464807,0.2765957446808511
3673,3673,455370,0.2765957446808511
3674,3674,470000,0.2765957446808511
3675,3675,470000,0.2765957446808511
3676,3676,454748,0.2765957446808511
3677,3677,469437,0.2765957446808511
3678,3678,470000,0.2765957446808511
3679,3679,456274,0.2765957446808511
3680,3680,470000,0.2765957446808511
3681,3681,470000,0.2765957446808511
3682,3682,455364,0.2765957446808511
3683,3683,458641,0.2765957446808511
3684,3684,468099,0.2765957446808511
3685,3685,459190,0.2765957446808511
3686,3686,457959,0.2765957446808511
3687,3687,470000,0.2765957446808511
3688,3688,455413,0.2765957446808511
3689,3689,456787,0.2765957446808511
3690,3690,470000,0.2765957446808511
3691,3691,456621,0.2765957446808511
3692,3692,462211,0.2765957446808511
3693,3693,470000,0.2765957446808511
3694,3694,455094,0.2765957446808511
3695,3695,462706,0.2765957446808511
3696,3696,447139,0.2765957446808511
3697,3697,470000,0.2765957446808511
3698,3698,470000,0.2765957446808511
3699,3699,456952,0.2765957446808511
3700,3700,470000,0.2553191489361702
3701,3701,462910,0.2553191489361702
3702,3702,455386,0.2553191489361702
3703,3703,450108,0.2553191489361702
3704,3704,462662,0.2553191489361702
3705,3705,458135,0.2553191489361702
3706,3706,462878,0.2553191489361702
3707,3707,470000,0.2553191489361702
3708,3708,461788,0.2553191489361702
3709,3709,459282,0.2553191489361702
3710,3710,455266,0.2553191489361702
3711,3711,461970,0.2553191489361702
3712,3712,466198,0.2553191489361702
3713,3713,470000,0.2553191489361702
3714,3714,462986,0.2553191489361702
3715,3715,462047,0.2553191489361702
3716,3716,470000,0.2553191489361702
3717,3717,470000,0.2553191489361702
3718,3718,447883,0.2553191489361702
3719,3719,442642,0.2553191489361702
3720,3720,450117,0.2553191489361702
3721,3721,453345,0.2553191489361702
3722,3722,454346,0.2553191489361702
3723,3723,470000,0.2553191489361702
3724,3724,470000,0.2553191489361702
3725,3725,450826,0.2553191489361702
3726,3726,453929,0.2553191489361702
3727,3727,455628,0.2553191489361702
3728,3728,456245,0.2553191489361702
3729,3729,448667,0.2553191489361702
3730,3730,464506,0.2553191489361702
3731,3731,461281,0.2553191489361702
3732,3732,470000,0.2553191489361702
3733,3733,453375,0.2553191489361702
3734,3734,454182,0.2553191489361702
3735,3735,470000,0.2553191489361702
3736,3736,470000,0.2553191489361702
3737,3737,470000,0.2553191489361702
3738,3738,465667,0.2553191489361702
3739,3739,470000,0.2553191489361702
3740,3740,462882,0.2553191489361702
3741,3741,457972,0.23404255319148937
3742,3742,470000,0.23404255319148937
3743,3743,470000,0.23404255319148937
3744,3744,457230,0.23404255319148937
3745,3745,464759,0.23404255319148937
3746,3746,458092,0.23404255319148937
3747,3747,450433,0.23404255319148937
3748,3748,470000,0.23404255319148937
3749,3749,461205,0.23404255319148937
3750,3750,459781,0.23404255319148937
3751,3751,467464,0.23404255319148937
3752,3752,459809,0.23404255319148937
3753,3753,456304,0.23404255319148937
3754,3754,457366,0.23404255319148937
3755,3755,461647,0.23404255319148937
3756,3756,459784,0.23404255319148937
3757,3757,470000,0.23404255319148937
3758,3758,459032,0.23404255319148937
3759,3759,462648,0.23404255319148937
3760,3760,469416,0.23404255319148937
3761,3761,460277,0.23404255319148937
3762,3762,470000,0.23404255319148937
3763,3763,470000,0.23404255319148937
3764,3764,442368,0.23404255319148937
3765,3765,470000,0.23404255319148937
3766,3766,452863,0.23404255319148937
3767,3767,455067,0.23404255319148937
3768,3768,470000,0.23404255319148937
3769,3769,470000,0.23404255319148937
3770,3770,456261,0.23404255319148937
3771,3771,449149,0.23404255319148937
3772,3772,470000,0.23404255319148937
3773,3773,460413,0.23404255319148937
3774,3774,457957,0.23404255319148937
3775,3775,470000,0.23404255319148937
3776,3776,470000,0.23404255319148937
3777,3777,470000,0.23404255319148937
3778,3778,461064,0.23404255319148937
3779,3779,462786,0.2127659574468085
3780,3780,455250,0.2127659574468085
3781,3781,467493,0.2127659574468085
3782,3782,470000,0.2127659574468085
3783,3783,455101,0.2127659574468085
3784,3784,470000,0.2127659574468085
3785,3785,470000,0.2127659574468085
3786,3786,459356,0.2127659574468085
3787,3787,454215,0.2127659574468085
3788,3788,457854,0.2127659574468085
3789,3789,470000,0.2127659574468085
3790,3790,469025,0.2127659574468085
3791,3791,470000,0.2127659574468085
3792,3792,467269,0.2127659574468085
3793,3793,458014,0.2127659574468085
3794,3794,460279,0.2127659574468085
3795,3795,456066,0.2127659574468085
3796,3796,454361,0.2127659574468085
3797,3797,453329,0.2127659574468085
3798,3798,470000,0.2127659574468085
3799,3799,470000,0.2127659574468085
3800,3800,470000,0.2127659574468085
3801,3801,460988,0.2127659574468085
3802,3802,470000,0.2127659574468085
3803,3803,459314,0.2127659574468085
3804,3804,461022,0.2127659574468085
3805,3805,449330,0.2127659574468085
3806,3806,470000,0.2127659574468085
3807,3807,459283,0.2127659574468085
3808,3808,458168,0.2127659574468085
3809,3809,455684,0.2127659574468085
3810,3810,456184,0.2127659574468085
3811,3811,470000,0.2127659574468085
3812,3812,454156,0.2127659574468085
3813,3813,457361,0.2127659574468085
3814,3814,454446,0.2127659574468085
3815,3815,463168,0.2127659574468085
3816,3816,452937,0.2127659574468085
3817,3817,470000,0.2127659574468085
3818,3818,455157,0.2127659574468085
3819,3819,470000,0.2127659574468085
3820,3820,461252,0.2127659574468085
3821,3821,458744,0.2127659574468085
3822,3822,462488,0.2127659574468085
3823,3823,453312,0.2127659574468085
3824,3824,464242,0.2127659574468085
3825,3825,458943,0.19148936170212766
3826,3826,470000,0.19148936170212766
3827,3827,454105,0.19148936170212766
3828,3828,458203,0.19148936170212766
3829,3829,470000,0.19148936170212766
3830,3830,470000,0.19148936170212766
3831,3831,459827,0.19148936170212766
3832,3832,458869,0.19148936170212766
3833,3833,452741,0.19148936170212766
3834,3834,453830,0.19148936170212766
3835,3835,454285,0.19148936170212766
3836,3836,461267,0.19148936170212766
3837,3837,470000,0.19148936170212766
3838,3838,451227,0.19148936170212766
3839,3839,456329,0.19148936170212766
3840,3840,447079,0.19148936170212766
3841,3841,457148,0.19148936170212766
3842,3842,459967,0.19148936170212766
3843,3843,470000,0.19148936170212766
3844,3844,455594,0.19148936170212766
3845,3845,470000,0.19148936170212766
3846,3846,470000,0.19148936170212766
3847,3847,452988,0.19148936170212766
3848,3848,455065,0.19148936170212766
3849,3849,454830,0.19148936170212766
3850,3850,470000,0.19148936170212766
3851,3851,456875,0.19148936170212766
3852,3852,470000,0.19148936170212766
3853,3853,470000,0.19148936170212766
3854,3854,457528,0.19148936170212766
3855,3855,470000,0.19148936170212766
3856,3856,470000,0.19148936170212766
3857,3857,455524,0.19148936170212766
3858,3858,461820,0.1702127659574468
3859,3859,457437,0.1702127659574468
3860,3860,465530,0.1702127659574468
3861,3861,463130,0.1702127659574468
3862,3862,458646,0.1702127659574468
3863,3863,466864,0.1702127659574468
3864,3864,459875,0.1702127659574468
3865,3865,463732,0.1702127659574468
3866,3866,454824,0.1702127659574468
3867,3867,470000,0.1702127659574468
3868,3868,458527,0.1702127659574468
3869,3869,470000,0.1702127659574468
3870,3870,470000,0.1702127659574468
3871,3871,458261,0.1702127659574468
3872,3872,460843,0.1702127659574468
3873,3873,455211,0.1702127659574468
3874,3874,462990,0.1702127659574468
3875,3875,466846,0.1702127659574468
3876,3876,470000,0.1702127659574468
3877,3877,454971,0.1702127659574468
3878,3878,442904,0.1702127659574468
3879,3879,467424,0.1702127659574468
3880,3880,470000,0.1702127659574468
3881,3881,470000,0.14893617021276595
3882,3882,450318,0.14893617021276595
3883,3883,455333,0.14893617021276595
3884,3884,468799,0.14893617021276595
3885,3885,461391,0.14893617021276595
3886,3886,470000,0.14893617021276595
3887,3887,452324,0.14893617021276595
3888,3888,463122,0.14893617021276595
3889,3889,470000,0.14893617021276595
3890,3890,463357,0.14893617021276595
3891,3891,459854,0.14893617021276595
3892,3892,470000,0.14893617021276595
3893,3893,470000,0.14893617021276595
3894,3894,456855,0.14893617021276595
3895,3895,470000,0.14893617021276595
3896,3896,456135,0.14893617021276595
3897,3897,457554,0.14893617021276595
3898,3898,456731,0.14893617021276595
3899,3899,470000,0.14893617021276595
3900,3900,464891,0.14893617021276595
3901,3901,470000,0.14893617021276595
3902,3902,460724,0.14893617021276595
3903,3903,466038,0.14893617021276595
3904,3904,470000,0.14893617021276595
3905,3905,453801,0.14893617021276595
3906,3906,460379,0.14893617021276595
3907,3907,459182,0.14893617021276595
3908,3908,470000,0.14893617021276595
3909,3909,470000,0.14893617021276595
3910,3910,469783,0.14893617021276595
3911,3911,457024,0.1276595744680851
3912,3912,460575,0.1276595744680851
3913,3913,470000,0.1276595744680851
3914,3914,469183,0.1276595744680851
3915,3915,463476,0.1276595744680851
3916,3916,458901,0.1276595744680851
3917,3917,470000,0.1276595744680851
3918,3918,446425,0.1276595744680851
3919,3919,470000,0.1276595744680851
3920,3920,470000,0.1276595744680851
3921,3921,465266,0.1276595744680851
3922,3922,470000,0.1276595744680851
3923,3923,448704,0.1276595744680851
3924,3924,459905,0.1276595744680851
3925,3925,455998,0.1276595744680851
3926,3926,462712,0.1276595744680851
3927,3927,457183,0.1276595744680851
3928,3928,463934,0.1276595744680851
3929,3929,458654,0.1276595744680851
3930,3930,455057,0.1276595744680851
3931,3931,442823,0.1276595744680851
3932,3932,452300,0.1276595744680851
3933,3933,450686,0.1276595744680851
3934,3934,470000,0.1276595744680851
3935,3935,456162,0.1276595744680851
3936,3936,470000,0.1276595744680851
3937,3937,470000,0.1276595744680851
3938,3938,470000,0.1276595744680851
3939,3939,445323,0.1276595744680851
3940,3940,465868,0.1276595744680851
3941,3941,470000,0.10638297872340426
3942,3942,457155,0.10638297872340426
3943,3943,459748,0.10638297872340426
3944,3944,454182,0.10638297872340426
3945,3945,456986,0.10638297872340426
3946,3946,455726,0.10638297872340426
3947,3947,470000,0.10638297872340426
3948,3948,441826,0.10638297872340426
3949,3949,456644,0.10638297872340426
3950,3950,462265,0.10638297872340426
3951,3951,452432,0.10638297872340426
3952,3952,470000,0.10638297872340426
3953,3953,470000,0.10638297872340426
3954,3954,470000,0.10638297872340426
3955,3955,469216,0.10638297872340426
3956,3956,459335,0.10638297872340426
3957,3957,467913,0.10638297872340426
3958,3958,462435,0.10638297872340426
3959,3959,470000,0.10638297872340426
3960,3960,459246,0.10638297872340426
3961,3961,470000,0.10638297872340426
3962,3962,463797,0.10638297872340426
3963,3963,450582,0.10638297872340426
3964,3964,438904,0.0851063829787234
3965,3965,470000,0.0851063829787234
3966,3966,460438,0.0851063829787234
3967,3967,470000,0.0851063829787234
3968,3968,460847,0.0851063829787234
3969,3969,470000,0.0851063829787234
3970,3970,458987,0.0851063829787234
3971,3971,451583,0.0851063829787234
3972,3972,470000,0.0851063829787234
3973,3973,452356,0.0851063829787234
3974,3974,456447,0.0851063829787234
3975,3975,455467,0.0851063829787234
3976,3976,470000,0.0851063829787234
3977,3977,470000,0.0851063829787234
3978,3978,455135,0.0851063829787234
3979,3979,470000,0.0851063829787234
3980,3980,454154,0.0851063829787234
3981,3981,463078,0.06382978723404255
3982,3982,462906,0.06382978723404255
3983,3983,467585,0.06382978723404255
3984,3984,461084,0.06382978723404255
3985,3985,460332,0.06382978723404255
3986,3986,459937,0.06382978723404255
3987,3987,470000,0.06382978723404255
3988,3988,454590,0.06382978723404255
3989,3989,467268,0.06382978723404255
3990,3990,452157,0.06382978723404255
3991,3991,465837,0.06382978723404255
3992,3992,470000,0.06382978723404255
3993,3993,470000,0.06382978723404255
3994,3994,459945,0.0425531914893617
3995,3995,470000,0.0425531914893617
3996,3996,454347,0.0425531914893617
3997,3997,470000,0.0425531914893617
3998,3998,469023,0.02127659574468085
